1 0.296189 0.326121 0.051506 0.074562
1 0.289583 0.422222 0.050000 0.069444
1 0.245069 0.511382 0.067798 0.114014
1 0.221061 0.667010 0.094476 0.117085
1 0.099276 0.666214 0.080486 0.125675
1 0.109709 0.557948 0.081112 0.107953
1 0.013870 0.529289 0.027740 0.113295
1 0.519249 0.659749 0.086245 0.107485
1 0.482292 0.483333 0.056250 0.080556
1 0.435531 0.389101 0.058836 0.077246
1 0.491522 0.382767 0.060063 0.069374
1 0.580573 0.312418 0.031371 0.042134
1 0.599052 0.482153 0.056396 0.078888
1 0.576597 0.443001 0.043726 0.063862
1 0.737240 0.575376 0.071952 0.105790
1 0.868019 0.580100 0.074391 0.085968
1 0.942074 0.470148 0.074259 0.094090
1 0.986886 0.486375 0.026227 0.103606
1 0.821875 0.403472 0.031250 0.043056
1 0.785838 0.381987 0.042933 0.056681
1 0.700414 0.371330 0.058276 0.059088
1 0.650513 0.392750 0.038618 0.053579
1 0.614693 0.379582 0.038927 0.049625
1 0.788913 0.462082 0.061496 0.081139
1 0.207551 0.392980 0.061528 0.071130
1 0.857812 0.473611 0.044792 0.069444
1 0.808854 0.518750 0.053125 0.076389
1 0.289583 0.390278 0.039583 0.052778
1 0.203125 0.581250 0.066667 0.095833
1 0.051042 0.382639 0.025000 0.037500
