1 0.599903 0.490223 0.055497 0.072842
1 0.578178 0.422046 0.049313 0.091473
1 0.484375 0.487500 0.062500 0.080556
1 0.435588 0.390419 0.058685 0.078238
1 0.492404 0.382858 0.064047 0.070963
1 0.579688 0.316667 0.028125 0.044444
1 0.290104 0.333333 0.038542 0.050000
1 0.207450 0.393169 0.060149 0.067291
1 0.110095 0.562613 0.086674 0.108864
1 0.099208 0.669604 0.078095 0.116821
1 0.013554 0.530027 0.027107 0.115384
1 0.222594 0.672136 0.089500 0.104668
1 0.241708 0.513115 0.063538 0.111951
1 0.289810 0.391133 0.054223 0.057461
1 0.295833 0.444444 0.043750 0.050000
1 0.520496 0.660479 0.087491 0.110351
1 0.738881 0.572191 0.074195 0.110299
1 0.649748 0.388184 0.038227 0.064566
1 0.693229 0.404861 0.038542 0.048611
1 0.785255 0.379404 0.043243 0.056972
1 0.828078 0.395770 0.043000 0.057749
1 0.945833 0.472917 0.041667 0.068056
1 0.987485 0.488115 0.024763 0.112106
1 0.860852 0.567612 0.068433 0.101409
1 0.813021 0.513889 0.046875 0.072222
1 0.194792 0.593750 0.062500 0.109722
1 0.054688 0.385417 0.023958 0.034722
