1 0.208243 0.502648 0.080147 0.116138
1 0.178125 0.593750 0.066667 0.090278
1 0.164583 0.674306 0.064583 0.104167
1 0.220697 0.410316 0.049349 0.078087
1 0.221354 0.443750 0.032292 0.045833
1 0.430907 0.511830 0.076219 0.104423
1 0.349714 0.380945 0.052753 0.067784
1 0.396106 0.323221 0.042479 0.059986
1 0.438542 0.379167 0.047917 0.063889
1 0.527230 0.649633 0.071510 0.097165
1 0.887993 0.867654 0.140578 0.152424
1 0.648437 0.583333 0.067708 0.094444
1 0.558854 0.532639 0.059375 0.084722
1 0.542708 0.472917 0.058333 0.073611
1 0.917188 0.498611 0.036458 0.047222
1 0.903646 0.422222 0.036458 0.058333
1 0.831305 0.550464 0.064998 0.093185
1 0.577604 0.377083 0.034375 0.054167
1 0.622271 0.366337 0.044423 0.071483
1 0.648438 0.381944 0.032292 0.041667
1 0.726042 0.428472 0.045833 0.059722
1 0.839866 0.363817 0.058789 0.074212
1 0.826562 0.408333 0.042708 0.058333
1 0.785417 0.379167 0.033333 0.047222
1 0.749479 0.377083 0.034375 0.051389
1 0.708854 0.368056 0.036458 0.058333
1 0.553125 0.356944 0.033333 0.052778
1 0.980072 0.431199 0.039735 0.103890
1 0.936979 0.436806 0.023958 0.048611
1 0.458854 0.414583 0.034375 0.065278
