1 0.212048 0.397351 0.056140 0.064881
1 0.287098 0.393984 0.061542 0.069175
1 0.240812 0.512918 0.067940 0.116311
1 0.218133 0.667253 0.090357 0.116723
1 0.099674 0.668729 0.077721 0.125378
1 0.106835 0.564019 0.088259 0.112952
1 0.518058 0.656559 0.086422 0.108341
1 0.485417 0.488194 0.062500 0.087500
1 0.577849 0.437512 0.045667 0.074129
1 0.498627 0.383397 0.059220 0.071047
1 0.428777 0.396198 0.066314 0.087026
1 0.648437 0.322223 0.030208 0.033333
1 0.687381 0.391560 0.047929 0.085777
1 0.785887 0.391954 0.045116 0.072890
1 0.733803 0.385515 0.045785 0.067297
1 0.825893 0.423194 0.049523 0.085699
1 0.789706 0.466541 0.057517 0.077191
1 0.865527 0.462912 0.059820 0.084705
1 0.941451 0.475096 0.079758 0.111430
1 0.912590 0.565233 0.068029 0.087299
1 0.814583 0.527778 0.050000 0.061111
1 0.737240 0.577843 0.071755 0.106134
1 0.986298 0.483086 0.027403 0.104942
1 0.297917 0.323611 0.029167 0.033333
1 0.641667 0.398611 0.035417 0.047222
1 0.591667 0.484028 0.052083 0.081944
1 0.013711 0.536741 0.027421 0.100364
1 0.052604 0.388194 0.026042 0.045833
1 0.095833 0.428472 0.031250 0.045833
1 0.189062 0.589583 0.057292 0.106944
