1 0.302127 0.330681 0.051793 0.072341
1 0.663542 0.318750 0.031250 0.031944
1 0.782813 0.381944 0.026042 0.038889
1 0.864634 0.462736 0.059574 0.087050
1 0.950521 0.461111 0.032292 0.047222
1 0.984957 0.488107 0.030086 0.115068
1 0.232636 0.512365 0.066014 0.120257
1 0.213042 0.678468 0.073454 0.093623
1 0.108461 0.565542 0.085454 0.105150
1 0.098764 0.666859 0.075259 0.120045
1 0.515192 0.663543 0.085287 0.109084
1 0.478646 0.479861 0.065625 0.093056
1 0.500166 0.394433 0.052565 0.085637
1 0.576772 0.434114 0.045388 0.066150
1 0.740774 0.565419 0.068329 0.113809
1 0.911232 0.563751 0.071768 0.096979
1 0.863935 0.464007 0.060514 0.089213
1 0.792083 0.465650 0.054748 0.083528
1 0.680729 0.413889 0.038542 0.058333
1 0.624664 0.377309 0.036499 0.061401
1 0.433857 0.389742 0.054025 0.073462
1 0.289062 0.398611 0.032292 0.044444
1 0.212500 0.400000 0.037500 0.044444
1 0.053646 0.386806 0.019792 0.034722
1 0.094271 0.425000 0.023958 0.041667
1 0.189062 0.590278 0.048958 0.088889
