1 0.288021 0.329861 0.030208 0.031944
1 0.579167 0.325695 0.031250 0.031944
1 0.785778 0.384185 0.040792 0.055284
1 0.942914 0.460459 0.066978 0.074076
1 0.245571 0.513071 0.067240 0.128830
1 0.214012 0.678173 0.076464 0.096082
1 0.099133 0.562887 0.079586 0.093600
1 0.101275 0.673063 0.072309 0.119521
1 0.501873 0.670924 0.083137 0.106251
1 0.490104 0.495139 0.065625 0.093056
1 0.500166 0.394433 0.052565 0.085637
1 0.587343 0.469396 0.046661 0.070202
1 0.740968 0.557457 0.071220 0.111169
1 0.902900 0.551075 0.059477 0.120263
1 0.869272 0.463747 0.046384 0.086932
1 0.680729 0.413889 0.038542 0.058333
1 0.629402 0.376459 0.043007 0.066934
1 0.429583 0.391341 0.061545 0.079951
1 0.290270 0.387379 0.053317 0.066585
1 0.200565 0.397113 0.052522 0.064386
1 0.792842 0.458652 0.055939 0.090342
1 0.692187 0.377083 0.028125 0.048611
1 0.056771 0.379167 0.023958 0.036111
1 0.092188 0.420833 0.021875 0.036111
1 0.187500 0.586111 0.054167 0.097222
