1 0.208027 0.399147 0.066278 0.085518
1 0.295362 0.330339 0.054680 0.075221
1 0.288109 0.394169 0.060236 0.061926
1 0.297917 0.445833 0.045833 0.055556
1 0.243625 0.515083 0.064016 0.116801
1 0.217869 0.666634 0.093038 0.117639
1 0.100015 0.665512 0.077911 0.116429
1 0.109946 0.560441 0.085919 0.110815
1 0.529484 0.666188 0.089321 0.115229
1 0.425639 0.385625 0.055072 0.067151
1 0.502115 0.384052 0.039930 0.061034
1 0.480729 0.481250 0.063542 0.081944
1 0.576025 0.441532 0.043933 0.065041
1 0.737780 0.580422 0.067515 0.107813
1 0.867554 0.580878 0.080486 0.087023
1 0.583161 0.316785 0.034387 0.052130
1 0.615803 0.381316 0.037332 0.051741
1 0.649484 0.392253 0.038574 0.053935
1 0.688792 0.372849 0.036979 0.043439
1 0.785610 0.380169 0.036127 0.049446
1 0.784348 0.461262 0.058651 0.075605
1 0.829792 0.399202 0.038997 0.056220
1 0.601602 0.483229 0.051970 0.071131
1 0.941949 0.475453 0.080969 0.108762
1 0.012798 0.533611 0.025595 0.107438
1 0.865444 0.462902 0.050554 0.074698
1 0.819271 0.522222 0.048958 0.075000
1 0.200000 0.587500 0.072917 0.108333
1 0.051042 0.384722 0.027083 0.033333
