1 0.579167 0.318750 0.029167 0.045833
1 0.294411 0.331335 0.053313 0.069087
1 0.208424 0.399559 0.063450 0.083408
1 0.221104 0.670509 0.091598 0.108318
1 0.098099 0.668602 0.079579 0.117591
1 0.014689 0.529227 0.029379 0.115736
1 0.097396 0.556250 0.076042 0.093056
1 0.242708 0.518056 0.064583 0.100000
1 0.292708 0.407639 0.039583 0.045833
1 0.419271 0.385417 0.046875 0.056944
1 0.492700 0.383245 0.062279 0.071344
1 0.482292 0.481250 0.062500 0.087500
1 0.519346 0.660002 0.086690 0.108910
1 0.586979 0.478472 0.046875 0.081944
1 0.577736 0.434084 0.048202 0.072250
1 0.615401 0.401748 0.041332 0.093434
1 0.693683 0.382884 0.056947 0.089467
1 0.785687 0.381992 0.042940 0.056953
1 0.740397 0.570548 0.073714 0.110979
1 0.863299 0.567371 0.070994 0.105929
1 0.986539 0.484140 0.026922 0.111585
1 0.942007 0.471180 0.076788 0.097833
1 0.813021 0.523611 0.044792 0.063889
1 0.825521 0.402083 0.032292 0.045833
1 0.195833 0.593056 0.062500 0.097222
1 0.055729 0.386111 0.023958 0.036111
