1 0.302382 0.331384 0.052473 0.072363
1 0.670834 0.322917 0.031250 0.031944
1 0.786238 0.381862 0.041568 0.058190
1 0.826368 0.415704 0.044435 0.080008
1 0.950521 0.461111 0.032292 0.047222
1 0.986024 0.483827 0.027951 0.106975
1 0.239011 0.506239 0.069015 0.125910
1 0.214180 0.678075 0.074005 0.094785
1 0.107534 0.565594 0.085582 0.108780
1 0.098781 0.666866 0.075252 0.119191
1 0.510415 0.672660 0.089215 0.116090
1 0.478646 0.479861 0.065625 0.093056
1 0.500166 0.394433 0.052565 0.085637
1 0.576841 0.435263 0.045722 0.064858
1 0.737084 0.563983 0.072693 0.104524
1 0.913479 0.565487 0.072647 0.099278
1 0.864048 0.461680 0.061160 0.086089
1 0.789878 0.459800 0.054119 0.076891
1 0.680729 0.413889 0.038542 0.058333
1 0.624906 0.376959 0.035972 0.063223
1 0.433857 0.389742 0.054025 0.073462
1 0.289062 0.398611 0.032292 0.044444
1 0.212500 0.400000 0.037500 0.044444
1 0.052083 0.388889 0.027083 0.036111
1 0.094271 0.425000 0.026042 0.036111
1 0.188021 0.593056 0.046875 0.086111
