1 0.302460 0.331512 0.053254 0.071472
1 0.668750 0.324306 0.031250 0.031944
1 0.785268 0.380496 0.040057 0.054114
1 0.825205 0.405644 0.039087 0.065069
1 0.950521 0.461111 0.032292 0.047222
1 0.985884 0.483639 0.028232 0.105748
1 0.240241 0.508170 0.068679 0.123746
1 0.213073 0.678598 0.074181 0.096440
1 0.106702 0.566047 0.084271 0.105487
1 0.098630 0.668753 0.075667 0.122518
1 0.510513 0.674698 0.090254 0.121234
1 0.478646 0.479861 0.065625 0.093056
1 0.500166 0.394433 0.052565 0.085637
1 0.576895 0.435627 0.045092 0.062695
1 0.726890 0.564012 0.081692 0.099231
1 0.912708 0.565921 0.071914 0.095371
1 0.862575 0.462441 0.060054 0.086978
1 0.817708 0.520139 0.050000 0.079167
1 0.680729 0.413889 0.038542 0.058333
1 0.644792 0.395833 0.029167 0.047222
1 0.433857 0.389742 0.054025 0.073462
1 0.289062 0.398611 0.032292 0.044444
1 0.212500 0.400000 0.037500 0.044444
1 0.052083 0.391667 0.022917 0.038889
1 0.093750 0.421528 0.022917 0.034722
1 0.187500 0.589583 0.050000 0.090278
