1 0.214419 0.509129 0.066934 0.098172
1 0.178125 0.593750 0.066667 0.090278
1 0.164583 0.674306 0.064583 0.104167
1 0.195312 0.413194 0.030208 0.040278
1 0.221354 0.443750 0.032292 0.045833
1 0.421271 0.517097 0.078298 0.115872
1 0.348055 0.382135 0.051244 0.072315
1 0.399617 0.321947 0.044690 0.058939
1 0.443750 0.380556 0.047917 0.063889
1 0.534445 0.639128 0.075002 0.102435
1 0.888289 0.874327 0.140161 0.173372
1 0.660937 0.583333 0.067708 0.094444
1 0.558854 0.532639 0.059375 0.084722
1 0.542708 0.472917 0.058333 0.073611
1 0.614583 0.307639 0.029167 0.034722
1 0.917188 0.498611 0.036458 0.047222
1 0.903646 0.422222 0.036458 0.058333
1 0.832956 0.546251 0.061664 0.089335
1 0.577604 0.377083 0.034375 0.054167
1 0.623958 0.345834 0.029167 0.036111
1 0.648438 0.381944 0.032292 0.041667
1 0.726042 0.428472 0.045833 0.059722
1 0.790104 0.431250 0.044792 0.070833
1 0.826562 0.408333 0.042708 0.058333
1 0.785417 0.379167 0.033333 0.047222
1 0.749479 0.377083 0.034375 0.051389
1 0.708854 0.368056 0.036458 0.058333
1 0.553125 0.356944 0.033333 0.052778
1 0.980895 0.435644 0.038210 0.103129
1 0.936979 0.436806 0.023958 0.048611
1 0.900000 0.361806 0.027083 0.037500
1 0.472917 0.412500 0.043750 0.052778
