1 0.296241 0.330802 0.053854 0.072786
1 0.598492 0.315628 0.039275 0.054987
1 0.423205 0.380962 0.051540 0.060876
1 0.501909 0.383937 0.039195 0.061502
1 0.572895 0.450911 0.059606 0.088836
1 0.735052 0.582023 0.076227 0.107824
1 0.868600 0.582377 0.076113 0.084722
1 0.865407 0.460582 0.057133 0.077620
1 0.830042 0.406912 0.042976 0.058320
1 0.786786 0.379973 0.036060 0.048540
1 0.732522 0.388984 0.044248 0.060907
1 0.690736 0.375658 0.042198 0.050028
1 0.649944 0.391795 0.037808 0.052926
1 0.601205 0.483248 0.054637 0.071350
1 0.482292 0.480556 0.062500 0.083333
1 0.519162 0.660089 0.085113 0.106042
1 0.942553 0.465459 0.072232 0.090273
1 0.985661 0.480099 0.028677 0.114709
1 0.761280 0.474929 0.062204 0.081519
1 0.218983 0.662498 0.091995 0.126855
1 0.242360 0.518486 0.065835 0.117721
1 0.208968 0.395561 0.063324 0.069445
1 0.282292 0.436111 0.052083 0.061111
1 0.109678 0.570846 0.086459 0.108563
1 0.100530 0.670113 0.072796 0.115646
1 0.012015 0.534866 0.024030 0.117151
1 0.200521 0.589583 0.063542 0.098611
1 0.052083 0.386111 0.025000 0.038889
