1 0.302312 0.331486 0.052051 0.070793
1 0.668750 0.324306 0.031250 0.031944
1 0.785259 0.381027 0.040248 0.056542
1 0.825000 0.400000 0.025000 0.041667
1 0.950521 0.461111 0.032292 0.047222
1 0.985834 0.483851 0.028332 0.104450
1 0.242279 0.508175 0.070078 0.123749
1 0.213354 0.678714 0.074164 0.096330
1 0.107535 0.563514 0.083223 0.102121
1 0.099002 0.672912 0.073729 0.114805
1 0.504638 0.674693 0.084366 0.116513
1 0.478646 0.479861 0.065625 0.093056
1 0.500166 0.394433 0.052565 0.085637
1 0.577031 0.435072 0.044912 0.063604
1 0.726737 0.565158 0.080742 0.096666
1 0.911598 0.564302 0.070792 0.095804
1 0.863249 0.463512 0.058731 0.085274
1 0.817708 0.520139 0.050000 0.079167
1 0.684060 0.392109 0.043853 0.073824
1 0.644792 0.395833 0.029167 0.047222
1 0.433857 0.389742 0.054025 0.073462
1 0.289062 0.398611 0.032292 0.044444
1 0.212500 0.400000 0.037500 0.044444
1 0.050000 0.387500 0.022917 0.030556
1 0.096875 0.422222 0.022917 0.044444
1 0.187500 0.587500 0.050000 0.097222
