1 0.520763 0.662026 0.086854 0.110803
1 0.218269 0.666518 0.089733 0.119513
1 0.100200 0.666564 0.076922 0.119188
1 0.110161 0.566573 0.087734 0.117721
1 0.208198 0.395728 0.063172 0.078113
1 0.288428 0.394492 0.059886 0.062592
1 0.294851 0.333603 0.041797 0.055363
1 0.242937 0.514657 0.061961 0.112713
1 0.591769 0.318548 0.040230 0.049443
1 0.502688 0.384214 0.040605 0.061377
1 0.422776 0.385545 0.051733 0.068066
1 0.481250 0.480556 0.060417 0.083333
1 0.576996 0.437648 0.041314 0.061067
1 0.601110 0.483920 0.053623 0.068853
1 0.736600 0.576517 0.074528 0.115542
1 0.867935 0.581159 0.081656 0.087656
1 0.940551 0.471366 0.077561 0.098579
1 0.986723 0.484115 0.026554 0.108218
1 0.829297 0.402847 0.036201 0.049713
1 0.786656 0.379731 0.035818 0.049006
1 0.688874 0.374376 0.039062 0.047052
1 0.649201 0.392060 0.038941 0.053218
1 0.771083 0.464871 0.053719 0.077915
1 0.866214 0.462082 0.050368 0.073267
1 0.201042 0.586111 0.068750 0.102778
1 0.052083 0.381944 0.020833 0.038889
