1 0.296537 0.329137 0.052585 0.071423
1 0.111721 0.557534 0.078654 0.100968
1 0.100682 0.667805 0.077275 0.117000
1 0.208950 0.396050 0.062072 0.074656
1 0.243678 0.513705 0.067150 0.122297
1 0.218719 0.663689 0.093822 0.121077
1 0.295833 0.436806 0.050000 0.068056
1 0.519278 0.659857 0.086230 0.108825
1 0.482812 0.481250 0.073958 0.093056
1 0.429854 0.384033 0.058086 0.066318
1 0.491087 0.382564 0.063459 0.070417
1 0.598520 0.481033 0.057685 0.082621
1 0.578389 0.434294 0.050410 0.075264
1 0.580923 0.314631 0.032418 0.044143
1 0.649467 0.393068 0.038123 0.054033
1 0.615317 0.382823 0.038757 0.053185
1 0.685417 0.373611 0.039583 0.044444
1 0.735232 0.575848 0.072809 0.109724
1 0.869318 0.580026 0.076877 0.086595
1 0.865096 0.463586 0.052697 0.078015
1 0.987079 0.482125 0.025842 0.112581
1 0.829459 0.399738 0.040613 0.056807
1 0.785487 0.380846 0.034585 0.048678
1 0.944271 0.460417 0.051042 0.079167
1 0.780208 0.461806 0.050000 0.073611
1 0.813542 0.522222 0.056250 0.069444
1 0.290104 0.393750 0.044792 0.059722
1 0.013822 0.530910 0.027644 0.114103
1 0.199479 0.583333 0.067708 0.102778
1 0.052604 0.384028 0.023958 0.037500
