1 0.209040 0.513951 0.070278 0.095082
1 0.178125 0.593750 0.066667 0.090278
1 0.126041 0.679862 0.064583 0.104167
1 0.199478 0.397916 0.030208 0.040278
1 0.221354 0.443750 0.032292 0.045833
1 0.424894 0.510552 0.072007 0.111700
1 0.351320 0.382861 0.055394 0.068687
1 0.410076 0.317791 0.045493 0.059295
1 0.437500 0.379167 0.047917 0.063889
1 0.528755 0.658488 0.072558 0.089841
1 0.887768 0.890039 0.147768 0.200011
1 0.648437 0.583333 0.067708 0.094444
1 0.558854 0.532639 0.059375 0.084722
1 0.542708 0.472917 0.058333 0.073611
1 0.917188 0.498611 0.036458 0.047222
1 0.831878 0.549039 0.065928 0.096777
1 0.577604 0.377083 0.034375 0.054167
1 0.623958 0.354167 0.029167 0.036111
1 0.648438 0.381944 0.032292 0.041667
1 0.726042 0.428472 0.045833 0.059722
1 0.790104 0.431250 0.044792 0.070833
1 0.841151 0.358293 0.051836 0.064883
1 0.785417 0.379167 0.033333 0.047222
1 0.749479 0.377083 0.034375 0.051389
1 0.708854 0.368056 0.036458 0.058333
1 0.553125 0.356944 0.033333 0.052778
1 0.977666 0.434208 0.044667 0.113873
1 0.918707 0.389452 0.059531 0.076072
1 0.463542 0.411111 0.035417 0.055556
