1 0.211204 0.513417 0.063823 0.093816
1 0.173324 0.597194 0.075700 0.099457
1 0.164583 0.674306 0.064583 0.104167
1 0.195312 0.413194 0.030208 0.040278
1 0.221354 0.443750 0.032292 0.045833
1 0.419348 0.515184 0.078457 0.119382
1 0.347202 0.380756 0.051685 0.066881
1 0.399815 0.321175 0.044736 0.059780
1 0.443750 0.380556 0.047917 0.063889
1 0.531587 0.642364 0.077134 0.100412
1 0.891914 0.875615 0.144765 0.163293
1 0.660937 0.583333 0.067708 0.094444
1 0.558854 0.532639 0.059375 0.084722
1 0.542708 0.472917 0.058333 0.073611
1 0.710417 0.363889 0.039583 0.069444
1 0.575951 0.315170 0.049882 0.063356
1 0.917188 0.498611 0.036458 0.047222
1 0.907656 0.429215 0.051683 0.088057
1 0.833976 0.549561 0.063713 0.086869
1 0.553646 0.365278 0.026042 0.061111
1 0.577604 0.377083 0.034375 0.054167
1 0.623958 0.354167 0.029167 0.036111
1 0.648438 0.381944 0.032292 0.041667
1 0.832898 0.364800 0.045401 0.071436
1 0.826562 0.408333 0.042708 0.058333
1 0.785417 0.379167 0.033333 0.047222
1 0.749479 0.377083 0.034375 0.051389
1 0.727604 0.433333 0.042708 0.058333
1 0.980001 0.433436 0.039997 0.101145
1 0.473958 0.415278 0.043750 0.052778
