1 0.298438 0.327083 0.030208 0.031944
1 0.642709 0.315972 0.031250 0.031944
1 0.782813 0.381944 0.026042 0.038889
1 0.813542 0.404167 0.025000 0.041667
1 0.950521 0.461111 0.032292 0.047222
1 0.991667 0.515972 0.014583 0.073611
1 0.232636 0.512365 0.066014 0.120257
1 0.214012 0.678173 0.076464 0.096082
1 0.107045 0.564250 0.084063 0.113811
1 0.098550 0.665359 0.073179 0.120103
1 0.504998 0.679257 0.083137 0.106251
1 0.478646 0.479861 0.065625 0.093056
1 0.500166 0.394433 0.052565 0.085637
1 0.587343 0.470785 0.046661 0.070202
1 0.739202 0.569534 0.065606 0.113337
1 0.911365 0.561480 0.072466 0.099762
1 0.863935 0.464007 0.060514 0.089213
1 0.817708 0.520139 0.050000 0.079167
1 0.680729 0.413889 0.038542 0.058333
1 0.644792 0.395833 0.029167 0.047222
1 0.433857 0.389742 0.054025 0.073462
1 0.289062 0.398611 0.032292 0.044444
1 0.212500 0.400000 0.037500 0.044444
1 0.050521 0.388194 0.021875 0.034722
1 0.096354 0.428472 0.023958 0.045833
1 0.191146 0.596528 0.048958 0.087500
