1 0.604742 0.323961 0.039275 0.054987
1 0.423205 0.380962 0.051540 0.060876
1 0.501909 0.383937 0.039195 0.061502
1 0.572895 0.450911 0.059606 0.088836
1 0.735460 0.584419 0.072638 0.104862
1 0.868833 0.583237 0.076978 0.084217
1 0.865147 0.462022 0.051603 0.075202
1 0.830329 0.408514 0.043077 0.061737
1 0.786786 0.379973 0.036060 0.048540
1 0.690736 0.375658 0.042198 0.050028
1 0.649944 0.391795 0.037808 0.052926
1 0.601205 0.483248 0.054637 0.071350
1 0.482292 0.480556 0.062500 0.083333
1 0.529786 0.666426 0.089283 0.117872
1 0.941483 0.470472 0.077633 0.098375
1 0.985555 0.484129 0.028890 0.105766
1 0.788363 0.458262 0.062204 0.081519
1 0.221970 0.665381 0.093793 0.120118
1 0.242327 0.517913 0.066010 0.119590
1 0.282292 0.436111 0.052083 0.061111
1 0.107850 0.570537 0.085856 0.108319
1 0.099948 0.670311 0.073663 0.116586
1 0.012808 0.555074 0.025100 0.114983
1 0.290104 0.328472 0.034375 0.043056
1 0.724479 0.386111 0.030208 0.041667
1 0.812500 0.514583 0.054167 0.073611
1 0.213021 0.395139 0.034375 0.045833
1 0.289783 0.392612 0.053996 0.059102
1 0.188542 0.593056 0.060417 0.108333
1 0.055729 0.382639 0.021875 0.034722
