1 0.519776 0.659895 0.085620 0.107475
1 0.222529 0.671374 0.088783 0.105937
1 0.582812 0.315278 0.030208 0.038889
1 0.284375 0.329167 0.022917 0.041667
1 0.289574 0.390481 0.054095 0.057829
1 0.209559 0.394815 0.057500 0.060074
1 0.109085 0.565419 0.086418 0.106063
1 0.099806 0.670775 0.075778 0.111815
1 0.013858 0.535621 0.027716 0.113675
1 0.241253 0.518012 0.063766 0.109427
1 0.438468 0.393543 0.051021 0.080734
1 0.489583 0.486111 0.058333 0.083333
1 0.736911 0.574799 0.072717 0.109201
1 0.598500 0.478612 0.056969 0.086158
1 0.492522 0.383913 0.063102 0.072272
1 0.648574 0.385184 0.038479 0.064720
1 0.786345 0.380841 0.041688 0.056745
1 0.825995 0.403768 0.041130 0.059633
1 0.579462 0.427664 0.052500 0.088651
1 0.865540 0.463670 0.056284 0.086637
1 0.942536 0.473621 0.076188 0.100356
1 0.986804 0.485888 0.026392 0.105797
1 0.860382 0.564590 0.070911 0.107091
1 0.811458 0.506944 0.047917 0.083333
1 0.693750 0.379861 0.033333 0.056944
1 0.190625 0.592361 0.060417 0.106944
1 0.054167 0.384028 0.025000 0.034722
