1 0.281771 0.331250 0.030208 0.031944
1 0.579167 0.325695 0.031250 0.031944
1 0.782813 0.381944 0.026042 0.038889
1 0.950521 0.461111 0.032292 0.047222
1 0.232636 0.512365 0.066014 0.120257
1 0.214012 0.678173 0.076464 0.096082
1 0.107045 0.564250 0.084063 0.113811
1 0.098550 0.665359 0.073179 0.120103
1 0.501873 0.670924 0.083137 0.106251
1 0.490104 0.495139 0.065625 0.093056
1 0.500166 0.394433 0.052565 0.085637
1 0.587343 0.469396 0.046661 0.070202
1 0.744410 0.568145 0.065606 0.113337
1 0.911365 0.561480 0.072466 0.099762
1 0.836458 0.506250 0.050000 0.079167
1 0.680729 0.413889 0.038542 0.058333
1 0.650000 0.395833 0.029167 0.047222
1 0.433857 0.389742 0.054025 0.073462
1 0.289062 0.398611 0.032292 0.044444
1 0.203125 0.400000 0.037500 0.044444
1 0.794271 0.456944 0.038542 0.058333
1 0.701562 0.377083 0.028125 0.048611
1 0.077083 0.381944 0.025000 0.027778
1 0.089583 0.430556 0.027083 0.038889
1 0.188021 0.588889 0.053125 0.097222
