1 0.211266 0.506804 0.073677 0.106794
1 0.178125 0.593750 0.066667 0.090278
1 0.164583 0.674306 0.064583 0.104167
1 0.222035 0.406034 0.046464 0.073773
1 0.221354 0.443750 0.032292 0.045833
1 0.433670 0.521514 0.079166 0.105748
1 0.349309 0.380921 0.050049 0.067266
1 0.399231 0.323221 0.042479 0.059986
1 0.443750 0.380556 0.047917 0.063889
1 0.526373 0.649758 0.068658 0.108488
1 0.887583 0.873874 0.139083 0.168585
1 0.660937 0.583333 0.067708 0.094444
1 0.558854 0.532639 0.059375 0.084722
1 0.542708 0.472917 0.058333 0.073611
1 0.917188 0.498611 0.036458 0.047222
1 0.903646 0.422222 0.036458 0.058333
1 0.832292 0.552292 0.064423 0.094115
1 0.577604 0.377083 0.034375 0.054167
1 0.622590 0.369388 0.045855 0.071366
1 0.648438 0.381944 0.032292 0.041667
1 0.726042 0.428472 0.045833 0.059722
1 0.790104 0.431250 0.044792 0.070833
1 0.826562 0.408333 0.042708 0.058333
1 0.785417 0.379167 0.033333 0.047222
1 0.749479 0.377083 0.034375 0.051389
1 0.708854 0.368056 0.036458 0.058333
1 0.553125 0.356944 0.033333 0.052778
1 0.978580 0.431071 0.042796 0.099893
1 0.936979 0.436806 0.023958 0.048611
1 0.464583 0.415278 0.041667 0.063889
