1 0.599903 0.490223 0.055497 0.072842
1 0.578178 0.422046 0.049313 0.091473
1 0.484375 0.487500 0.062500 0.080556
1 0.435588 0.390419 0.058685 0.078238
1 0.492404 0.382858 0.064047 0.070963
1 0.579688 0.316667 0.028125 0.044444
1 0.290104 0.333333 0.038542 0.050000
1 0.207450 0.393169 0.060149 0.067291
1 0.109253 0.562963 0.087809 0.109568
1 0.099765 0.669030 0.075273 0.115963
1 0.013598 0.532795 0.027195 0.117277
1 0.223365 0.671532 0.089577 0.104841
1 0.241395 0.516033 0.063763 0.109167
1 0.289810 0.391133 0.054223 0.057461
1 0.295833 0.444444 0.043750 0.050000
1 0.521265 0.660778 0.087542 0.110362
1 0.737353 0.573672 0.074277 0.108288
1 0.649309 0.387357 0.038698 0.061707
1 0.698114 0.382783 0.065665 0.084389
1 0.785255 0.379404 0.043243 0.056972
1 0.867842 0.463292 0.055041 0.088006
1 0.945833 0.472917 0.041667 0.068056
1 0.987934 0.483870 0.024132 0.108753
1 0.861455 0.565016 0.070934 0.107101
1 0.813021 0.513889 0.046875 0.072222
1 0.194792 0.593750 0.062500 0.109722
1 0.054688 0.385417 0.023958 0.034722
