1 0.210901 0.513448 0.068794 0.094829
1 0.178125 0.593750 0.066667 0.090278
1 0.157291 0.678473 0.064583 0.104167
1 0.203646 0.428472 0.032292 0.045833
1 0.421372 0.518654 0.077223 0.114839
1 0.348106 0.382831 0.054667 0.077744
1 0.405481 0.324610 0.042479 0.059986
1 0.437500 0.379167 0.047917 0.063889
1 0.533333 0.634722 0.079167 0.119444
1 0.893341 0.872265 0.140166 0.162862
1 0.648437 0.583333 0.067708 0.094444
1 0.558854 0.532639 0.059375 0.084722
1 0.542708 0.472917 0.058333 0.073611
1 0.917188 0.498611 0.036458 0.047222
1 0.834375 0.549306 0.054167 0.084722
1 0.577604 0.377083 0.034375 0.054167
1 0.623958 0.354167 0.029167 0.036111
1 0.648438 0.381944 0.032292 0.041667
1 0.726042 0.428472 0.045833 0.059722
1 0.790104 0.431250 0.044792 0.070833
1 0.826562 0.408333 0.042708 0.058333
1 0.785417 0.379167 0.033333 0.047222
1 0.749479 0.377083 0.034375 0.051389
1 0.708854 0.368056 0.036458 0.058333
1 0.553125 0.356944 0.033333 0.052778
1 0.976042 0.438889 0.027083 0.050000
1 0.463542 0.411111 0.035417 0.055556
1 0.701563 0.306944 0.032292 0.038889
