1 0.213028 0.509367 0.068178 0.100011
1 0.178125 0.593750 0.066667 0.090278
1 0.164583 0.674306 0.064583 0.104167
1 0.195312 0.413194 0.030208 0.040278
1 0.221354 0.443750 0.032292 0.045833
1 0.420837 0.516135 0.078353 0.118289
1 0.348008 0.382570 0.051188 0.072743
1 0.399927 0.322303 0.045539 0.060053
1 0.443750 0.380556 0.047917 0.063889
1 0.534059 0.638538 0.076249 0.102918
1 0.890182 0.873612 0.137085 0.164822
1 0.660169 0.582427 0.061179 0.088647
1 0.558854 0.532639 0.059375 0.084722
1 0.542708 0.472917 0.058333 0.073611
1 0.608333 0.307639 0.029167 0.034722
1 0.917188 0.498611 0.036458 0.047222
1 0.903646 0.422222 0.036458 0.058333
1 0.832386 0.545650 0.062180 0.089552
1 0.577604 0.377083 0.034375 0.054167
1 0.623958 0.354167 0.029167 0.036111
1 0.648438 0.381944 0.032292 0.041667
1 0.726042 0.428472 0.045833 0.059722
1 0.790104 0.431250 0.044792 0.070833
1 0.826562 0.408333 0.042708 0.058333
1 0.785417 0.379167 0.033333 0.047222
1 0.749479 0.377083 0.034375 0.051389
1 0.708854 0.368056 0.036458 0.058333
1 0.553125 0.356944 0.033333 0.052778
1 0.980136 0.435875 0.039728 0.104074
1 0.936979 0.436806 0.023958 0.048611
1 0.885417 0.361806 0.027083 0.037500
1 0.472917 0.415278 0.043750 0.052778
