1 0.221294 0.407972 0.088369 0.119701
1 0.101652 0.280703 0.054210 0.076602
1 0.370168 0.295620 0.066189 0.079453
1 0.353254 0.249102 0.053763 0.066117
1 0.309896 0.190973 0.032292 0.043056
1 0.333333 0.176389 0.035417 0.041667
1 0.483237 0.161961 0.042504 0.051910
1 0.484675 0.207137 0.050079 0.061186
1 0.530137 0.169429 0.040243 0.049751
1 0.571690 0.204569 0.042061 0.055988
1 0.579167 0.628472 0.125000 0.193056
1 0.788542 0.294444 0.066667 0.075000
1 0.613542 0.202083 0.029167 0.037500
1 0.613542 0.386806 0.116667 0.159722
1 0.143750 0.179167 0.025000 0.033333
