1 0.732423 0.782766 0.098831 0.149752
1 0.172530 0.550752 0.057292 0.061485
1 0.533300 0.528773 0.043733 0.057720
1 0.390823 0.488062 0.035082 0.044319
1 0.354047 0.515527 0.034468 0.051952
1 0.617002 0.545044 0.046974 0.054893
1 0.116020 0.306264 0.079416 0.115167
1 0.287252 0.526983 0.045645 0.051295
1 0.496616 0.609779 0.054594 0.089853
1 0.134809 0.690020 0.063791 0.102081
1 0.328528 0.521699 0.033194 0.054941
1 0.463055 0.519800 0.030933 0.058003
1 0.211231 0.860363 0.083092 0.132403
1 0.423577 0.498294 0.032552 0.046703
