1 0.167375 0.555939 0.053139 0.062200
1 0.532482 0.523926 0.047293 0.051641
1 0.286664 0.541098 0.060501 0.094063
1 0.697303 0.812652 0.101139 0.126723
1 0.614746 0.545444 0.051042 0.060891
1 0.136686 0.694404 0.062811 0.086556
1 0.473950 0.514425 0.044990 0.049801
1 0.388444 0.491515 0.034642 0.047699
1 0.119893 0.315281 0.085694 0.097721
1 0.408181 0.730788 0.085709 0.113687
1 0.229869 0.901314 0.131169 0.173313
1 0.349309 0.517388 0.045519 0.069917
1 0.526013 0.610846 0.055358 0.105456
1 0.533554 0.952932 0.123920 0.094136
