1 0.625456 0.540199 0.048314 0.060193
1 0.530387 0.527732 0.040887 0.055777
1 0.246879 0.587636 0.056076 0.073557
1 0.285025 0.553649 0.045585 0.101107
1 0.343201 0.512267 0.049116 0.061928
1 0.392592 0.487794 0.043355 0.049158
1 0.152691 0.586976 0.046757 0.066518
1 0.414485 0.733448 0.081485 0.103548
1 0.606355 0.639572 0.055678 0.073743
1 0.275172 0.900388 0.200173 0.199223
1 0.121446 0.315199 0.086659 0.101056
1 0.480749 0.511294 0.042891 0.049670
1 0.495122 0.621710 0.070262 0.086624
1 0.016390 0.603118 0.032726 0.098311
