1 0.166631 0.555550 0.055986 0.064939
1 0.283546 0.545915 0.061701 0.097161
1 0.685489 0.813091 0.090096 0.118540
1 0.530454 0.531256 0.047762 0.057982
1 0.139653 0.694042 0.061538 0.089461
1 0.615207 0.545180 0.053901 0.057495
1 0.116782 0.301798 0.085009 0.118341
1 0.390753 0.492182 0.041269 0.053376
1 0.541529 0.949580 0.124159 0.100578
1 0.508776 0.614956 0.070031 0.106960
1 0.411507 0.729840 0.089390 0.113498
1 0.220677 0.894643 0.114900 0.167752
1 0.476548 0.532240 0.051350 0.072497
1 0.349422 0.514461 0.043595 0.066610
1 0.474636 0.522950 0.045895 0.058879
