1 0.625971 0.539924 0.048468 0.060506
1 0.530368 0.524855 0.041545 0.051273
1 0.246058 0.588413 0.054685 0.072943
1 0.392459 0.487258 0.042446 0.048739
1 0.152566 0.587196 0.047259 0.066088
1 0.415531 0.734610 0.083576 0.100398
1 0.285450 0.552323 0.046238 0.099587
1 0.604249 0.642912 0.056516 0.070292
1 0.341596 0.506635 0.047303 0.054004
1 0.496749 0.621208 0.074484 0.089325
1 0.336152 0.510698 0.049571 0.059516
1 0.481739 0.511843 0.039950 0.049454
1 0.298287 0.905732 0.157077 0.188536
1 0.186307 0.576616 0.036675 0.053971
