1 0.168919 0.556997 0.051485 0.064868
1 0.240411 0.886132 0.116638 0.169880
1 0.705471 0.823476 0.112345 0.153384
1 0.285970 0.545452 0.061096 0.095099
1 0.117286 0.316367 0.082062 0.099950
1 0.396864 0.493105 0.051821 0.051242
1 0.614671 0.545347 0.053402 0.057972
1 0.532993 0.524154 0.044238 0.050696
1 0.350451 0.516268 0.044145 0.066575
1 0.573995 0.623602 0.067145 0.107314
1 0.198952 0.658547 0.063914 0.092658
1 0.128340 0.592482 0.040912 0.066984
1 0.406967 0.737836 0.075272 0.108858
1 0.475238 0.534109 0.047713 0.084468
1 0.012880 0.617731 0.025759 0.116729
