1 0.166217 0.553412 0.052221 0.060396
1 0.285121 0.543934 0.063000 0.096084
1 0.701287 0.813350 0.102271 0.121224
1 0.614643 0.545275 0.053002 0.060594
1 0.534044 0.523815 0.044369 0.049253
1 0.137410 0.691905 0.060726 0.090518
1 0.410435 0.726951 0.082078 0.116337
1 0.188900 0.656362 0.056755 0.095867
1 0.523212 0.615800 0.062487 0.112760
1 0.121375 0.311800 0.087295 0.106690
1 0.221744 0.888905 0.116565 0.165956
1 0.349049 0.516100 0.043382 0.067175
1 0.573818 0.942087 0.092923 0.115377
1 0.388720 0.495278 0.043394 0.053721
