1 0.625382 0.541247 0.048361 0.059135
1 0.494908 0.620687 0.065800 0.093718
1 0.530454 0.523002 0.039146 0.046988
1 0.151420 0.587113 0.045778 0.062403
1 0.249915 0.585844 0.051764 0.071703
1 0.392681 0.488444 0.039474 0.047625
1 0.351738 0.511386 0.041114 0.051397
1 0.477140 0.509439 0.041871 0.047397
1 0.286856 0.530929 0.039650 0.057221
1 0.186117 0.576366 0.036756 0.053446
1 0.126031 0.323299 0.084847 0.089819
1 0.204299 0.876643 0.087178 0.142005
1 0.013471 0.611100 0.026844 0.120971
1 0.127207 0.695142 0.065030 0.087172
