1 0.168349 0.554648 0.049835 0.061388
1 0.603321 0.930410 0.115594 0.139180
1 0.244425 0.888532 0.107807 0.166584
1 0.285417 0.542263 0.061127 0.095155
1 0.119999 0.621040 0.056977 0.110704
1 0.533754 0.524573 0.044487 0.050261
1 0.615052 0.544368 0.054418 0.058948
1 0.707473 0.806758 0.105295 0.124672
1 0.348585 0.516032 0.044511 0.068677
1 0.118258 0.317313 0.084171 0.098042
1 0.397288 0.495060 0.054760 0.055251
1 0.575904 0.626136 0.067713 0.113664
1 0.013470 0.616761 0.026939 0.126319
1 0.518496 0.616996 0.067048 0.104101
1 0.474817 0.530415 0.045976 0.081101
