1 0.166658 0.557270 0.056311 0.066796
1 0.283276 0.544456 0.061656 0.095070
1 0.686685 0.812185 0.090326 0.116758
1 0.530858 0.528642 0.046703 0.054915
1 0.138621 0.693835 0.061210 0.088590
1 0.614175 0.544703 0.052639 0.057633
1 0.542592 0.950304 0.117064 0.099337
1 0.197703 0.657061 0.058252 0.089519
1 0.410799 0.726103 0.088012 0.122871
1 0.391344 0.493382 0.043411 0.052817
1 0.475784 0.527744 0.048392 0.068042
1 0.116725 0.307001 0.085527 0.115809
1 0.349456 0.517724 0.047674 0.072655
1 0.439386 0.667094 0.058847 0.090776
