1 0.625796 0.540974 0.049535 0.061836
1 0.531018 0.524304 0.037895 0.049890
1 0.248827 0.585492 0.052129 0.072049
1 0.151827 0.586828 0.046218 0.064213
1 0.391518 0.488080 0.037599 0.048000
1 0.015419 0.609776 0.030839 0.099947
1 0.491328 0.617322 0.065341 0.094776
1 0.352858 0.512760 0.040262 0.056242
1 0.286289 0.529057 0.039217 0.055858
1 0.477705 0.509496 0.042404 0.047352
1 0.610310 0.642743 0.052929 0.072127
1 0.128309 0.695199 0.065123 0.089510
1 0.321197 0.528114 0.036650 0.055007
1 0.185672 0.576065 0.036309 0.053303
1 0.272360 0.900778 0.200156 0.198444
1 0.414698 0.735202 0.089720 0.105168
