1 0.183452 0.573692 0.049364 0.061379
1 0.249605 0.586291 0.049790 0.077975
1 0.568886 0.710852 0.080840 0.115675
1 0.662601 0.533812 0.047467 0.060606
1 0.409206 0.758311 0.080831 0.092154
1 0.470614 0.518152 0.048812 0.057015
1 0.145057 0.587991 0.042254 0.059201
1 0.391574 0.493416 0.038645 0.048959
1 0.584259 0.567570 0.048229 0.059308
1 0.532863 0.534585 0.042488 0.048148
1 0.303447 0.524988 0.051475 0.062445
1 0.358138 0.514928 0.036448 0.052055
1 0.470669 0.612623 0.054537 0.091327
1 0.639706 0.662162 0.057827 0.083626
