1 0.168760 0.554755 0.050395 0.062187
1 0.285390 0.541625 0.060944 0.092752
1 0.703847 0.804223 0.103612 0.122139
1 0.243013 0.888697 0.113953 0.168072
1 0.120530 0.620989 0.055422 0.108599
1 0.533768 0.524378 0.044196 0.049660
1 0.614613 0.546304 0.054138 0.058370
1 0.117031 0.320079 0.080220 0.093679
1 0.348839 0.514012 0.043144 0.067145
1 0.575266 0.623377 0.067734 0.113989
1 0.396221 0.493257 0.053512 0.052820
1 0.475756 0.534225 0.047070 0.087004
1 0.014607 0.618388 0.029214 0.118726
1 0.406896 0.736097 0.078462 0.108012
1 0.200578 0.655251 0.061783 0.090165
1 0.518655 0.616039 0.065842 0.105110
