1 0.167358 0.555418 0.053806 0.061322
1 0.283295 0.546581 0.063100 0.101523
1 0.533685 0.524828 0.045705 0.053421
1 0.722885 0.799956 0.105409 0.139471
1 0.614728 0.542324 0.054465 0.060018
1 0.398452 0.493974 0.052415 0.056989
1 0.349140 0.518593 0.051101 0.072868
1 0.476275 0.529875 0.046590 0.077187
1 0.137997 0.687105 0.067752 0.098761
1 0.224595 0.888938 0.117691 0.166083
1 0.519683 0.618979 0.061841 0.105119
1 0.576708 0.630900 0.060213 0.105286
1 0.601141 0.920393 0.109418 0.153979
1 0.409706 0.729056 0.084885 0.115797
