1 0.625577 0.540923 0.049439 0.061051
1 0.530589 0.523699 0.037936 0.047956
1 0.495964 0.618730 0.064753 0.095247
1 0.249218 0.585109 0.051073 0.071534
1 0.151357 0.587412 0.046999 0.063309
1 0.014778 0.613491 0.029556 0.109957
1 0.392115 0.488764 0.038591 0.047384
1 0.478293 0.510171 0.041958 0.047862
1 0.125392 0.323303 0.086006 0.090239
1 0.129021 0.694946 0.063701 0.088074
1 0.186307 0.575864 0.036104 0.053334
1 0.353249 0.512176 0.041024 0.053517
1 0.285429 0.549904 0.044466 0.092828
1 0.286721 0.532483 0.040663 0.061206
