1 0.741955 0.782639 0.099997 0.148050
1 0.172248 0.550049 0.057190 0.061558
1 0.534755 0.526580 0.043720 0.055751
1 0.390821 0.488076 0.034806 0.042635
1 0.353780 0.516133 0.034949 0.054419
1 0.617058 0.545007 0.048636 0.054883
1 0.131537 0.692155 0.060207 0.093132
1 0.330549 0.528906 0.041382 0.062992
1 0.329525 0.520755 0.034150 0.055801
1 0.300463 0.905134 0.160818 0.189377
1 0.423690 0.497858 0.032476 0.047164
1 0.015703 0.618606 0.031407 0.120570
1 0.115095 0.311218 0.075297 0.102410
1 0.278883 0.527145 0.049942 0.057720
1 0.460455 0.517823 0.030760 0.052045
