1 0.312906 0.904416 0.152417 0.189330
1 0.617884 0.542324 0.046459 0.056134
1 0.286555 0.543993 0.056093 0.092243
1 0.529557 0.530920 0.043952 0.051473
1 0.693301 0.743708 0.097561 0.153249
1 0.392866 0.492399 0.043010 0.047562
1 0.119567 0.311087 0.082978 0.112233
1 0.344509 0.514052 0.043846 0.054717
1 0.190648 0.574539 0.046440 0.060234
1 0.154292 0.584636 0.045971 0.067585
1 0.162088 0.583144 0.059335 0.071898
1 0.014125 0.617946 0.028250 0.115409
1 0.404084 0.737772 0.071286 0.092692
1 0.183670 0.579712 0.059358 0.071536
