1 0.166878 0.554013 0.052070 0.061655
1 0.578414 0.939623 0.096984 0.120754
1 0.285854 0.545326 0.062556 0.096987
1 0.701144 0.814295 0.102599 0.122860
1 0.614554 0.544147 0.050582 0.058330
1 0.137498 0.692568 0.059565 0.089416
1 0.534157 0.522567 0.042218 0.047092
1 0.408757 0.730915 0.078826 0.107908
1 0.228123 0.882575 0.118511 0.166328
1 0.380246 0.914462 0.159588 0.171076
1 0.523607 0.609176 0.054681 0.104092
1 0.121647 0.313879 0.087853 0.102322
1 0.390750 0.494367 0.042520 0.050129
1 0.351098 0.513385 0.039947 0.063391
