1 0.626250 0.543914 0.054879 0.057337
1 0.155135 0.588563 0.044430 0.068306
1 0.400554 0.489001 0.054792 0.055595
1 0.348854 0.514235 0.047986 0.063467
1 0.253689 0.584539 0.048038 0.067734
1 0.290866 0.540127 0.047654 0.081328
1 0.119498 0.312358 0.083800 0.109918
1 0.190242 0.571846 0.038444 0.055113
1 0.529853 0.532446 0.047294 0.065459
1 0.576336 0.712791 0.064293 0.103187
1 0.508145 0.614345 0.075847 0.100566
1 0.347173 0.966145 0.070211 0.067162
1 0.380894 0.945093 0.062665 0.072579
1 0.477050 0.513797 0.045118 0.052583
