1 0.726428 0.806095 0.108049 0.143692
1 0.167192 0.554972 0.054679 0.059340
1 0.567149 0.912899 0.097946 0.174201
1 0.283286 0.547355 0.058873 0.100150
1 0.347164 0.520976 0.052248 0.074760
1 0.531520 0.526140 0.046943 0.053973
1 0.116871 0.317195 0.083093 0.098019
1 0.477153 0.516279 0.046378 0.050192
1 0.411798 0.728027 0.076426 0.105165
1 0.306374 0.904914 0.209710 0.190172
1 0.613677 0.543623 0.051159 0.056840
1 0.227984 0.886539 0.110633 0.165487
1 0.402617 0.497145 0.047441 0.049941
1 0.329845 0.910596 0.155897 0.178809
