1 0.628388 0.542342 0.051987 0.057399
1 0.674224 0.771952 0.102467 0.138817
1 0.250790 0.580711 0.045927 0.063880
1 0.509480 0.616613 0.075129 0.099513
1 0.530733 0.527964 0.045173 0.056010
1 0.186173 0.571876 0.037504 0.050213
1 0.138374 0.685113 0.062418 0.093452
1 0.478880 0.511245 0.040411 0.049088
1 0.354110 0.508918 0.034100 0.052220
1 0.578446 0.715271 0.064465 0.106253
1 0.396128 0.488903 0.045843 0.052582
1 0.118877 0.313463 0.080143 0.107139
1 0.152770 0.586517 0.045251 0.060728
1 0.291541 0.527595 0.046403 0.058366
