1 0.166079 0.554535 0.054489 0.062667
1 0.532595 0.523928 0.046281 0.050550
1 0.285904 0.543086 0.064363 0.097114
1 0.704478 0.814612 0.108510 0.125681
1 0.614585 0.546347 0.053663 0.061412
1 0.137849 0.691871 0.060160 0.089968
1 0.119471 0.312890 0.080559 0.101023
1 0.473351 0.514867 0.045223 0.048157
1 0.188579 0.657989 0.055863 0.093542
1 0.411966 0.724570 0.083961 0.121152
1 0.391922 0.492704 0.045204 0.050879
1 0.563918 0.946936 0.102329 0.106127
1 0.349240 0.514584 0.042913 0.064768
1 0.521801 0.616077 0.062400 0.108281
