1 0.626143 0.541132 0.049908 0.061834
1 0.530903 0.523361 0.037577 0.048361
1 0.249572 0.585852 0.052666 0.072943
1 0.152327 0.587424 0.046835 0.065182
1 0.391898 0.488014 0.038412 0.047592
1 0.015734 0.612792 0.031469 0.101206
1 0.493584 0.617155 0.063018 0.095246
1 0.352770 0.512121 0.040869 0.054516
1 0.478185 0.509833 0.042581 0.047700
1 0.286784 0.532040 0.041283 0.061566
1 0.672577 0.781893 0.097106 0.133631
1 0.125692 0.322869 0.085853 0.090090
1 0.413312 0.729663 0.084338 0.094838
1 0.129420 0.695835 0.064432 0.089706
1 0.611596 0.643369 0.053076 0.075855
1 0.285798 0.551863 0.046063 0.096820
1 0.185484 0.576670 0.036987 0.053849
