1 0.625304 0.537924 0.052655 0.057963
1 0.660246 0.785959 0.115400 0.149972
1 0.154624 0.591520 0.046381 0.069114
1 0.296086 0.522255 0.044937 0.049292
1 0.531760 0.528597 0.046190 0.062095
1 0.391965 0.487899 0.040291 0.052170
1 0.550328 0.922822 0.111641 0.154355
1 0.191288 0.574371 0.041451 0.057762
1 0.140261 0.688903 0.070822 0.114793
1 0.254778 0.585453 0.052640 0.073509
1 0.367071 0.941872 0.100094 0.110580
1 0.121643 0.318107 0.084779 0.097661
1 0.013706 0.615617 0.027412 0.121724
1 0.421723 0.495414 0.034862 0.050243
