1 0.169128 0.556332 0.051280 0.064015
1 0.284444 0.545905 0.061883 0.097186
1 0.707562 0.822564 0.113237 0.154040
1 0.242350 0.887244 0.115093 0.168325
1 0.396521 0.491375 0.048982 0.050990
1 0.614940 0.546082 0.054278 0.059059
1 0.349619 0.514595 0.042330 0.064610
1 0.574288 0.623677 0.067818 0.113216
1 0.615273 0.926252 0.097757 0.147466
1 0.116075 0.319473 0.078331 0.095360
1 0.126783 0.625829 0.062295 0.126752
1 0.474722 0.533160 0.046696 0.083988
1 0.533468 0.525075 0.044853 0.052078
1 0.013541 0.616660 0.027082 0.123992
1 0.198979 0.656571 0.060704 0.091084
1 0.406225 0.737292 0.077753 0.110794
