1 0.167118 0.553519 0.051845 0.061302
1 0.285957 0.545513 0.062982 0.098457
1 0.703900 0.818931 0.108070 0.131844
1 0.534256 0.522645 0.042358 0.046572
1 0.137626 0.691978 0.058906 0.089798
1 0.614496 0.544588 0.050950 0.058853
1 0.575265 0.942640 0.093972 0.114379
1 0.410085 0.727762 0.081693 0.113428
1 0.121719 0.314781 0.087668 0.101046
1 0.350030 0.515777 0.041877 0.065742
1 0.522201 0.614315 0.061579 0.108431
1 0.379243 0.914817 0.155590 0.170366
1 0.390484 0.495021 0.042580 0.049405
1 0.419168 0.520822 0.043895 0.075706
