1 0.626881 0.540469 0.049193 0.059658
1 0.245000 0.588669 0.054311 0.074415
1 0.530336 0.525799 0.042623 0.053554
1 0.285499 0.553313 0.046014 0.104326
1 0.152423 0.587703 0.046924 0.066238
1 0.394940 0.487894 0.045352 0.047917
1 0.415703 0.732237 0.082833 0.096522
1 0.327816 0.511696 0.039966 0.054282
1 0.271103 0.900159 0.201748 0.199683
1 0.217114 0.797477 0.057733 0.095703
1 0.604808 0.642711 0.060870 0.071960
1 0.122055 0.314513 0.086804 0.102425
1 0.493942 0.620637 0.072703 0.087530
1 0.400659 0.491392 0.049753 0.048855
