1 0.628390 0.541243 0.048447 0.058893
1 0.530388 0.523954 0.041288 0.048753
1 0.294249 0.547616 0.057002 0.096767
1 0.659964 0.620841 0.060339 0.077558
1 0.245259 0.587538 0.054144 0.072850
1 0.400878 0.489088 0.047439 0.050846
1 0.152309 0.587795 0.044266 0.062570
1 0.223653 0.797345 0.058721 0.091257
1 0.123721 0.690208 0.065277 0.091745
1 0.477930 0.510653 0.042544 0.048189
1 0.310514 0.907194 0.163898 0.185613
1 0.422731 0.735885 0.080246 0.115950
1 0.213560 0.866515 0.076279 0.134122
1 0.187080 0.576166 0.037493 0.053631
1 0.125852 0.319680 0.089108 0.096761
