1 0.738807 0.783061 0.098663 0.145660
1 0.172301 0.550364 0.055949 0.061291
1 0.534651 0.527946 0.043087 0.056500
1 0.201271 0.864319 0.083141 0.138835
1 0.390631 0.487957 0.034315 0.041508
1 0.353640 0.515992 0.034731 0.053844
1 0.616012 0.545448 0.046310 0.053812
1 0.282808 0.526432 0.047114 0.051279
1 0.116845 0.315221 0.080117 0.099996
1 0.329591 0.520372 0.032877 0.056016
1 0.016270 0.620206 0.032540 0.120528
1 0.132280 0.692202 0.060853 0.093084
1 0.287323 0.905831 0.134068 0.188095
1 0.423734 0.497737 0.033106 0.045810
