1 0.167079 0.553585 0.051967 0.060155
1 0.533315 0.523752 0.045177 0.048381
1 0.285380 0.541043 0.061621 0.091505
1 0.700478 0.809735 0.099445 0.119444
1 0.614536 0.545496 0.053865 0.060894
1 0.137596 0.693032 0.059727 0.088065
1 0.119192 0.313279 0.081731 0.100842
1 0.411443 0.724763 0.081575 0.119591
1 0.566621 0.945148 0.083495 0.109704
1 0.189224 0.656312 0.056104 0.093402
1 0.392218 0.492027 0.045446 0.049030
1 0.348579 0.515671 0.044110 0.066270
1 0.521777 0.616132 0.061612 0.109671
1 0.473600 0.515911 0.047709 0.050363
1 0.223624 0.890413 0.116399 0.167116
