1 0.625599 0.540858 0.052650 0.058912
1 0.119339 0.310011 0.081532 0.113952
1 0.547282 0.942798 0.101137 0.114298
1 0.391794 0.487224 0.038914 0.050340
1 0.216909 0.866878 0.091915 0.129496
1 0.189501 0.571844 0.043470 0.058305
1 0.143128 0.684505 0.070507 0.117191
1 0.155074 0.589040 0.045516 0.068806
1 0.565124 0.724151 0.071326 0.105880
1 0.405407 0.734180 0.064270 0.081032
1 0.422436 0.495777 0.032861 0.048110
1 0.254566 0.583789 0.052558 0.071343
1 0.531434 0.525919 0.045882 0.058099
1 0.364455 0.943252 0.100107 0.101282
