1 0.168255 0.554498 0.049547 0.061099
1 0.239256 0.890476 0.114840 0.169472
1 0.533647 0.523925 0.044300 0.049417
1 0.598212 0.935883 0.110724 0.128235
1 0.284970 0.545187 0.061192 0.099944
1 0.615239 0.542667 0.053023 0.058692
1 0.120344 0.622654 0.056457 0.111459
1 0.712759 0.818851 0.115507 0.150773
1 0.575939 0.627236 0.065259 0.106434
1 0.348897 0.516134 0.044708 0.068945
1 0.396418 0.494516 0.052867 0.054574
1 0.121414 0.318860 0.089289 0.096913
1 0.012991 0.617537 0.025981 0.127597
1 0.473547 0.527741 0.044401 0.077658
