1 0.625732 0.544588 0.055401 0.057866
1 0.253961 0.583950 0.048413 0.068575
1 0.155146 0.588841 0.044776 0.069047
1 0.345428 0.513590 0.048449 0.061106
1 0.117192 0.305363 0.079664 0.117317
1 0.573680 0.716609 0.066815 0.104345
1 0.399141 0.489598 0.057566 0.056954
1 0.529948 0.531880 0.049212 0.068184
1 0.190924 0.573052 0.038964 0.057169
1 0.291716 0.532051 0.046784 0.065053
1 0.013735 0.620124 0.027439 0.112890
1 0.477573 0.513310 0.044167 0.052110
1 0.507680 0.613765 0.076049 0.098047
1 0.143083 0.691820 0.059740 0.093089
