1 0.664797 0.532091 0.046773 0.061103
1 0.249652 0.585731 0.050075 0.076810
1 0.181658 0.574650 0.050587 0.063941
1 0.569344 0.712035 0.080617 0.110865
1 0.533195 0.530831 0.042287 0.047993
1 0.407011 0.756044 0.081316 0.097991
1 0.469594 0.516461 0.047517 0.056290
1 0.390654 0.493531 0.035649 0.045951
1 0.148220 0.586833 0.043634 0.065907
1 0.584570 0.568369 0.048115 0.059480
1 0.309557 0.519739 0.048535 0.057291
1 0.477914 0.615015 0.056935 0.086108
1 0.156770 0.582280 0.058326 0.068021
1 0.358042 0.516894 0.037632 0.053216
