1 0.636993 0.529164 0.042580 0.059257
1 0.549815 0.731184 0.071399 0.112350
1 0.529410 0.518467 0.044008 0.053060
1 0.253004 0.585595 0.053001 0.073961
1 0.049115 0.848498 0.097767 0.157323
1 0.182600 0.576283 0.062009 0.068131
1 0.402737 0.495099 0.049362 0.053811
1 0.606701 0.668257 0.055505 0.082182
1 0.406395 0.745624 0.074418 0.104358
1 0.242983 0.900165 0.139575 0.196312
1 0.474150 0.517012 0.049350 0.049917
1 0.468727 0.613143 0.062504 0.085447
1 0.356095 0.518291 0.036978 0.054647
1 0.582462 0.568901 0.053173 0.063040
