1 0.168600 0.556096 0.059360 0.067742
1 0.524849 0.530552 0.047222 0.053646
1 0.203032 0.658371 0.061794 0.091553
1 0.271978 0.508529 0.049764 0.060387
1 0.328419 0.911826 0.173203 0.176348
1 0.347575 0.526129 0.056303 0.082386
1 0.392282 0.491422 0.040424 0.051775
1 0.136951 0.689921 0.058731 0.085241
1 0.614883 0.542407 0.050309 0.053415
1 0.580603 0.943965 0.094091 0.112069
1 0.473351 0.519040 0.041730 0.052255
1 0.507611 0.615451 0.075053 0.094892
1 0.118700 0.304925 0.082008 0.119913
1 0.407656 0.725003 0.083781 0.113416
1 0.696903 0.803243 0.102042 0.125624
