1 0.636893 0.529569 0.041920 0.058613
1 0.182987 0.578352 0.058472 0.068751
1 0.252167 0.585820 0.053484 0.075221
1 0.404620 0.733680 0.081242 0.120107
1 0.583453 0.570958 0.053759 0.066153
1 0.399454 0.498344 0.049246 0.064188
1 0.044395 0.849078 0.088406 0.139737
1 0.528726 0.526202 0.045625 0.058353
1 0.469159 0.534997 0.047754 0.065494
1 0.298892 0.552197 0.053864 0.095208
1 0.508135 0.514113 0.034081 0.049011
1 0.468738 0.522449 0.041627 0.051511
1 0.518277 0.518631 0.046488 0.053360
1 0.257983 0.894096 0.132363 0.185052
