1 0.627697 0.539767 0.049825 0.059408
1 0.531209 0.525896 0.044802 0.054367
1 0.285467 0.554059 0.045681 0.106176
1 0.243279 0.589508 0.052511 0.074270
1 0.415092 0.735450 0.083709 0.100333
1 0.152289 0.587470 0.045656 0.065406
1 0.324490 0.516743 0.039370 0.056558
1 0.604823 0.641612 0.058834 0.063749
1 0.217750 0.796693 0.057232 0.095085
1 0.119376 0.311035 0.082307 0.106362
1 0.492333 0.619237 0.071638 0.088732
1 0.395068 0.489028 0.044280 0.048497
1 0.280912 0.899494 0.211487 0.201011
1 0.187011 0.576286 0.037046 0.052283
