1 0.166854 0.556483 0.054687 0.065065
1 0.406696 0.706358 0.094776 0.166282
1 0.283116 0.543681 0.057306 0.091793
1 0.351649 0.920946 0.142789 0.158109
1 0.138707 0.693989 0.058781 0.087157
1 0.528344 0.533685 0.045141 0.058105
1 0.614377 0.542552 0.048023 0.056739
1 0.391063 0.490245 0.040071 0.049983
1 0.689643 0.817846 0.097643 0.118796
1 0.116491 0.305031 0.079736 0.115454
1 0.508464 0.619053 0.073205 0.106692
1 0.351310 0.508558 0.039177 0.054502
1 0.193456 0.657313 0.057268 0.089222
1 0.547814 0.954752 0.108124 0.090195
