1 0.625839 0.540986 0.048715 0.061330
1 0.531036 0.525946 0.039585 0.052196
1 0.248202 0.585688 0.054516 0.070556
1 0.391570 0.487870 0.037344 0.047991
1 0.351624 0.511322 0.042003 0.056563
1 0.151679 0.586822 0.046032 0.065079
1 0.284904 0.551454 0.045706 0.096829
1 0.610242 0.643677 0.056116 0.075169
1 0.016292 0.603629 0.032584 0.107216
1 0.477950 0.509597 0.042554 0.047579
1 0.286059 0.535804 0.041143 0.069102
1 0.185988 0.576057 0.037505 0.054894
1 0.322389 0.526552 0.036085 0.056917
1 0.121003 0.318772 0.085967 0.096393
