1 0.151863 0.587029 0.044845 0.061108
1 0.290991 0.546604 0.047182 0.088234
1 0.114676 0.303732 0.076091 0.121898
1 0.532505 0.525415 0.044530 0.052869
1 0.624748 0.548234 0.044809 0.051592
1 0.124574 0.682612 0.056073 0.084522
1 0.256693 0.583676 0.049080 0.072140
1 0.161720 0.829684 0.084541 0.101678
1 0.314596 0.916330 0.150154 0.163408
1 0.186445 0.576741 0.035728 0.051320
1 0.413091 0.736363 0.072591 0.077834
1 0.395177 0.490330 0.039925 0.048962
1 0.556183 0.956035 0.101019 0.087641
1 0.571811 0.715700 0.076851 0.110564
1 0.329759 0.543360 0.041390 0.072200
