1 0.534310 0.522428 0.043711 0.049112
1 0.293798 0.545259 0.057436 0.088901
1 0.318956 0.919246 0.152251 0.161241
1 0.152405 0.587691 0.045000 0.063642
1 0.413271 0.738234 0.073780 0.080813
1 0.672553 0.762990 0.105181 0.146861
1 0.352202 0.521286 0.044991 0.064478
1 0.624395 0.547217 0.045915 0.051617
1 0.256274 0.582607 0.048873 0.071158
1 0.124582 0.681286 0.056588 0.083689
1 0.161347 0.830217 0.083910 0.100172
1 0.611489 0.690181 0.066012 0.119335
1 0.116610 0.303454 0.084376 0.124605
1 0.396433 0.491999 0.042382 0.050206
