1 0.587492 0.736131 0.091718 0.111965
1 0.924679 0.674271 0.096936 0.152398
1 0.689270 0.624667 0.082726 0.093561
1 0.803347 0.704995 0.079466 0.114332
1 0.621882 0.542614 0.049211 0.051519
1 0.551414 0.519086 0.038009 0.048990
1 0.183941 0.578397 0.059550 0.077294
1 0.350203 0.510320 0.046658 0.054327
1 0.114950 0.313087 0.078094 0.108911
1 0.721896 0.702955 0.071138 0.095658
1 0.510727 0.514385 0.034538 0.044531
1 0.023343 0.594292 0.046686 0.126859
1 0.292925 0.504835 0.042734 0.050888
1 0.415266 0.635503 0.080510 0.082543
