1 0.795471 0.627952 0.073458 0.113385
1 0.924125 0.674605 0.095775 0.149757
1 0.715503 0.711001 0.084039 0.097781
1 0.595174 0.730848 0.097107 0.109768
1 0.625330 0.544789 0.050376 0.055532
1 0.405185 0.496025 0.043839 0.048202
1 0.191610 0.567080 0.047889 0.053767
1 0.292672 0.507857 0.042433 0.050979
1 0.506156 0.504351 0.039530 0.047948
1 0.355249 0.505017 0.044962 0.044597
1 0.550435 0.522631 0.037341 0.048281
1 0.083817 0.656166 0.077479 0.155611
1 0.106481 0.306241 0.066198 0.119347
1 0.464710 0.513772 0.042179 0.046310
1 0.126738 0.322794 0.083963 0.093544
1 0.415556 0.626767 0.076377 0.106900
1 0.579946 0.564597 0.044620 0.057294
