1 0.929395 0.675507 0.097235 0.148829
1 0.506591 0.499592 0.038265 0.046675
1 0.716221 0.538893 0.049161 0.065027
1 0.624504 0.540786 0.049947 0.055758
1 0.712357 0.707248 0.090118 0.107476
1 0.595852 0.729375 0.097849 0.105885
1 0.805380 0.707278 0.080240 0.109449
1 0.401309 0.496862 0.043182 0.052982
1 0.398958 0.640871 0.063726 0.084357
1 0.201416 0.615067 0.073697 0.140786
1 0.464947 0.513946 0.041660 0.050525
1 0.152743 0.590965 0.042145 0.069943
1 0.295385 0.508288 0.043407 0.052793
1 0.549474 0.517882 0.039116 0.042353
1 0.058299 0.610486 0.063000 0.095214
1 0.358629 0.509588 0.049424 0.054122
1 0.122427 0.323002 0.087632 0.089729
1 0.580585 0.563361 0.039838 0.056032
