1 0.694044 0.630062 0.084208 0.105563
1 0.927131 0.672351 0.094454 0.149656
1 0.407231 0.494107 0.047596 0.046943
1 0.589441 0.729416 0.088893 0.109437
1 0.805540 0.708247 0.076743 0.117156
1 0.047855 0.596754 0.081385 0.098096
1 0.623073 0.539178 0.047610 0.051948
1 0.352518 0.507376 0.039493 0.047193
1 0.277303 0.496253 0.050053 0.053158
1 0.465689 0.513529 0.040499 0.046933
1 0.405797 0.628378 0.074082 0.098893
1 0.508061 0.512378 0.036160 0.042838
1 0.551077 0.518975 0.041379 0.045221
1 0.181113 0.574490 0.068154 0.076021
1 0.187464 0.568916 0.054880 0.063947
1 0.116517 0.311897 0.080603 0.113948
1 0.341670 0.543884 0.050470 0.068166
