1 0.095052 0.569454 0.086022 0.108133
1 0.203668 0.401973 0.055745 0.071096
1 0.735668 0.567194 0.079391 0.103199
1 0.284258 0.394309 0.048723 0.068016
1 0.788837 0.384160 0.047735 0.060701
1 0.432327 0.396269 0.067122 0.085081
1 0.853709 0.465478 0.060360 0.105155
1 0.514286 0.672806 0.077429 0.103598
1 0.009726 0.539739 0.019378 0.101553
1 0.695043 0.388158 0.063550 0.095028
1 0.984693 0.495602 0.030614 0.105763
1 0.792778 0.471835 0.056586 0.092327
1 0.939206 0.483352 0.097252 0.117220
1 0.505378 0.376247 0.051031 0.065410
