1 0.787722 0.470319 0.057257 0.086186
1 0.203654 0.398500 0.057217 0.074928
1 0.785541 0.383725 0.042811 0.054380
1 0.741176 0.568950 0.079944 0.109662
1 0.092271 0.552435 0.075166 0.129556
1 0.428572 0.390439 0.059534 0.074685
1 0.868320 0.467072 0.052452 0.094178
1 0.827283 0.442694 0.048616 0.089349
1 0.696443 0.388513 0.063867 0.082409
1 0.507372 0.683413 0.092032 0.110195
1 0.250991 0.511488 0.076522 0.104223
1 0.987638 0.484855 0.024724 0.105117
1 0.012394 0.541499 0.024748 0.098003
1 0.644988 0.344283 0.042089 0.098849
