1 0.695326 0.385933 0.061026 0.077490
1 0.204078 0.399803 0.055132 0.071789
1 0.281155 0.396245 0.049891 0.075698
1 0.508053 0.684184 0.099767 0.115931
1 0.094411 0.557580 0.083289 0.118502
1 0.732532 0.563023 0.087010 0.117057
1 0.987719 0.482762 0.024561 0.100775
1 0.429948 0.393188 0.059271 0.077602
1 0.797007 0.468754 0.059429 0.089364
1 0.611000 0.313414 0.044144 0.052008
1 0.857448 0.464077 0.056162 0.110133
1 0.248072 0.512494 0.076365 0.106203
1 0.011522 0.535534 0.023044 0.103837
1 0.789161 0.385990 0.049117 0.061070
1 0.913153 0.557930 0.071897 0.113355
1 0.695337 0.371168 0.067476 0.106238
