1 0.791564 0.472981 0.061009 0.093256
1 0.203658 0.400408 0.054639 0.069070
1 0.096005 0.570173 0.087794 0.109749
1 0.284524 0.394470 0.047958 0.067807
1 0.787689 0.383394 0.044830 0.056118
1 0.506042 0.380357 0.049617 0.063658
1 0.514524 0.670382 0.076331 0.106116
1 0.434030 0.397314 0.066224 0.084126
1 0.694877 0.390649 0.056049 0.084101
1 0.010200 0.542489 0.020338 0.108398
1 0.985724 0.491710 0.028553 0.116827
1 0.733550 0.572013 0.075961 0.094095
1 0.912769 0.552106 0.076176 0.118158
1 0.947272 0.467925 0.072335 0.094096
