1 0.695408 0.385822 0.060892 0.077506
1 0.204213 0.399622 0.054917 0.071288
1 0.281480 0.396438 0.049551 0.074263
1 0.734033 0.561719 0.084050 0.117824
1 0.429400 0.392976 0.059312 0.077651
1 0.987887 0.484306 0.024227 0.095011
1 0.507908 0.683655 0.095758 0.114374
1 0.853541 0.463067 0.065123 0.110576
1 0.185080 0.591537 0.059914 0.112826
1 0.091784 0.547781 0.089910 0.130064
1 0.612340 0.313662 0.043826 0.049515
1 0.791004 0.387417 0.053783 0.065262
1 0.793537 0.469072 0.053181 0.089441
1 0.248624 0.510505 0.073694 0.106459
1 0.695546 0.371610 0.067707 0.103426
1 0.012025 0.538423 0.023864 0.103277
