1 0.211788 0.672975 0.085111 0.120416
1 0.864279 0.465105 0.056201 0.090801
1 0.109061 0.560047 0.084280 0.103440
1 0.100536 0.670705 0.075263 0.120994
1 0.651879 0.385493 0.037927 0.061297
1 0.740428 0.574346 0.081442 0.101229
1 0.209446 0.391023 0.055194 0.057443
1 0.765163 0.499652 0.046874 0.082827
1 0.985167 0.481784 0.029667 0.104242
1 0.434479 0.394312 0.064199 0.082516
1 0.011438 0.546627 0.022877 0.113493
1 0.733844 0.415943 0.049447 0.100553
1 0.245368 0.507632 0.070611 0.125255
1 0.688651 0.388327 0.045025 0.073192
