1 0.728736 0.562458 0.079659 0.110250
1 0.695083 0.386471 0.061760 0.078272
1 0.204546 0.400084 0.056060 0.074506
1 0.793639 0.469304 0.061333 0.090302
1 0.283453 0.394846 0.050171 0.072100
1 0.013657 0.538261 0.027303 0.100106
1 0.097383 0.558115 0.080775 0.132816
1 0.786273 0.380925 0.040719 0.049239
1 0.913182 0.555288 0.071711 0.111492
1 0.429002 0.393215 0.060544 0.078817
1 0.987204 0.480688 0.025592 0.096739
1 0.083784 0.419923 0.063570 0.074864
1 0.507588 0.379646 0.047531 0.059039
1 0.824945 0.414518 0.045889 0.074573
