1 0.787984 0.469567 0.057622 0.086592
1 0.204185 0.399849 0.056663 0.075906
1 0.785389 0.383136 0.042245 0.053343
1 0.827781 0.440827 0.048632 0.091191
1 0.867563 0.470036 0.053747 0.098772
1 0.740929 0.570149 0.079979 0.108520
1 0.094509 0.555676 0.075057 0.122293
1 0.427359 0.390551 0.056922 0.075113
1 0.507147 0.684084 0.090728 0.109934
1 0.696481 0.388124 0.064482 0.083012
1 0.988306 0.485729 0.023388 0.102981
1 0.012407 0.537035 0.024785 0.102568
1 0.251990 0.509608 0.078054 0.102921
1 0.645083 0.349052 0.044772 0.101727
1 0.943022 0.461692 0.068434 0.079320
