1 0.788175 0.468515 0.057155 0.082939
1 0.204181 0.400152 0.056876 0.075742
1 0.827805 0.439845 0.047247 0.090926
1 0.785302 0.382800 0.042923 0.054323
1 0.866876 0.470146 0.054084 0.096920
1 0.094098 0.554011 0.076588 0.128256
1 0.740727 0.572954 0.079494 0.102435
1 0.428522 0.391369 0.058696 0.076162
1 0.988545 0.484521 0.022911 0.100718
1 0.506987 0.684323 0.091932 0.110592
1 0.696050 0.387486 0.063836 0.083473
1 0.012470 0.540869 0.024804 0.099513
1 0.943769 0.462025 0.068217 0.078812
1 0.251819 0.511885 0.077632 0.105544
1 0.645145 0.349894 0.044227 0.100471
1 0.290446 0.392466 0.056959 0.065252
