1 0.865833 0.468258 0.054123 0.095677
1 0.786429 0.383676 0.041879 0.055960
1 0.094103 0.556845 0.074756 0.118294
1 0.204688 0.399429 0.058573 0.077362
1 0.792463 0.463739 0.056073 0.093975
1 0.428428 0.391336 0.059037 0.075415
1 0.740510 0.571346 0.080227 0.104381
1 0.291647 0.389042 0.051711 0.067765
1 0.988107 0.483992 0.023786 0.105835
1 0.503024 0.683466 0.089769 0.112629
1 0.695708 0.387643 0.058721 0.077900
1 0.012306 0.540232 0.024612 0.099014
1 0.646547 0.345842 0.044718 0.095287
1 0.825656 0.435326 0.042558 0.091063
1 0.185344 0.597054 0.060307 0.117850
1 0.945326 0.463194 0.066408 0.080717
