1 0.741868 0.562262 0.074752 0.110926
1 0.866311 0.466679 0.052613 0.092618
1 0.201058 0.402319 0.054323 0.070480
1 0.095268 0.556985 0.076089 0.114651
1 0.791513 0.471426 0.047600 0.093092
1 0.987041 0.482496 0.025918 0.104167
1 0.186327 0.595760 0.059711 0.121224
1 0.012076 0.538099 0.024026 0.099609
1 0.244947 0.512532 0.063925 0.124603
1 0.429716 0.394906 0.062682 0.081475
1 0.828050 0.424726 0.041097 0.078527
1 0.099428 0.672718 0.075688 0.119304
1 0.786481 0.384927 0.040501 0.056121
1 0.215027 0.679581 0.070582 0.093254
1 0.289519 0.389180 0.050641 0.061926
