1 0.862594 0.463664 0.060120 0.087353
1 0.912937 0.565733 0.071558 0.095340
1 0.014989 0.538780 0.029977 0.097100
1 0.785410 0.380552 0.040532 0.055411
1 0.212977 0.678474 0.072731 0.095960
1 0.986168 0.483650 0.027664 0.104620
1 0.108113 0.566805 0.082365 0.105046
1 0.098693 0.672968 0.074566 0.115262
1 0.726339 0.564145 0.081388 0.098953
1 0.240643 0.508997 0.066962 0.125423
1 0.576887 0.435157 0.044672 0.063150
1 0.302272 0.331891 0.052468 0.069759
1 0.507395 0.675246 0.088636 0.120525
1 0.296707 0.524878 0.078527 0.140273
1 0.625550 0.375204 0.035669 0.065236
1 0.431344 0.385670 0.053391 0.066932
