1 0.695593 0.386086 0.061353 0.076874
1 0.204205 0.399484 0.056020 0.073457
1 0.093049 0.561901 0.084204 0.109226
1 0.796580 0.467842 0.061872 0.087480
1 0.281447 0.396034 0.050611 0.074580
1 0.507966 0.680144 0.095231 0.117565
1 0.987341 0.486697 0.025318 0.096165
1 0.733315 0.564909 0.082851 0.112884
1 0.011394 0.537109 0.022788 0.101138
1 0.429942 0.393502 0.058935 0.077949
1 0.912738 0.557090 0.072281 0.114097
1 0.858228 0.463706 0.054550 0.109901
1 0.610568 0.312789 0.043716 0.053234
1 0.788141 0.385141 0.045017 0.058445
1 0.188135 0.585809 0.066682 0.109998
1 0.248178 0.513205 0.076670 0.107533
