1 0.739311 0.562763 0.074882 0.107942
1 0.786847 0.463089 0.063552 0.088716
1 0.785626 0.383939 0.041136 0.055176
1 0.099247 0.563166 0.080200 0.098520
1 0.430102 0.392545 0.063071 0.079490
1 0.012706 0.538332 0.025321 0.099216
1 0.245816 0.514147 0.065015 0.123580
1 0.987141 0.485454 0.025717 0.102817
1 0.100396 0.678252 0.070243 0.105013
1 0.200474 0.397964 0.052126 0.069207
1 0.944544 0.461795 0.065792 0.077478
1 0.868067 0.468362 0.049614 0.093195
1 0.830802 0.431401 0.043832 0.083577
1 0.290227 0.391095 0.052140 0.064094
1 0.186691 0.594209 0.058481 0.123810
1 0.652166 0.387562 0.036456 0.064995
