1 0.738089 0.557459 0.072875 0.108137
1 0.101998 0.563124 0.082552 0.094120
1 0.987221 0.483086 0.025559 0.106479
1 0.785155 0.384197 0.040760 0.055795
1 0.431644 0.391231 0.064432 0.078341
1 0.245215 0.512926 0.065878 0.125944
1 0.629554 0.376069 0.044238 0.066330
1 0.012498 0.540028 0.024997 0.094560
1 0.101650 0.671870 0.071848 0.121308
1 0.796624 0.455902 0.057635 0.102082
1 0.903937 0.550813 0.061083 0.119702
1 0.829478 0.435775 0.044424 0.101195
1 0.290759 0.385807 0.052468 0.067796
1 0.491415 0.505849 0.059447 0.105957
