1 0.736317 0.575832 0.074268 0.112941
1 0.518831 0.659045 0.087052 0.109871
1 0.098179 0.670224 0.075126 0.109193
1 0.108280 0.566114 0.086795 0.106303
1 0.241906 0.518979 0.063762 0.109632
1 0.862602 0.564571 0.072387 0.108320
1 0.013435 0.536090 0.026870 0.107200
1 0.689346 0.383746 0.050834 0.077551
1 0.862048 0.491453 0.064658 0.140061
1 0.865641 0.465268 0.058656 0.092422
1 0.218530 0.671962 0.090395 0.110107
1 0.442573 0.412194 0.050824 0.091859
1 0.987427 0.482442 0.025145 0.104423
1 0.288549 0.392517 0.053127 0.060586
