1 0.204079 0.399728 0.055591 0.071005
1 0.788670 0.382961 0.048827 0.059470
1 0.283881 0.395077 0.049249 0.072740
1 0.736029 0.564979 0.089653 0.120120
1 0.095115 0.572604 0.092317 0.124048
1 0.790653 0.471646 0.052784 0.078990
1 0.428720 0.392605 0.058020 0.077431
1 0.012881 0.540437 0.025618 0.101517
1 0.913366 0.558542 0.077973 0.114700
1 0.507295 0.379875 0.040276 0.055878
1 0.696319 0.386885 0.054771 0.084615
1 0.649006 0.354550 0.044988 0.088700
1 0.615710 0.378691 0.035905 0.055672
1 0.981924 0.498363 0.036152 0.115842
1 0.571657 0.429152 0.038003 0.063104
