1 0.740968 0.557457 0.071220 0.111169
1 0.099133 0.562887 0.079586 0.093600
1 0.792842 0.458652 0.055939 0.090342
1 0.429583 0.391341 0.061545 0.079951
1 0.986940 0.483637 0.026121 0.103378
1 0.785778 0.384185 0.040792 0.055284
1 0.290270 0.387379 0.053317 0.066585
1 0.012371 0.537749 0.024741 0.093946
1 0.245571 0.513071 0.067240 0.128830
1 0.101275 0.673063 0.072309 0.119521
1 0.942914 0.460459 0.066978 0.074076
1 0.829976 0.432807 0.042947 0.088788
1 0.902900 0.551075 0.059477 0.120263
1 0.629402 0.376459 0.043007 0.066934
1 0.869272 0.463747 0.046384 0.086932
1 0.200565 0.397113 0.052522 0.064386
