1 0.201926 0.399484 0.055710 0.071587
1 0.786096 0.383731 0.041972 0.054046
1 0.786099 0.474154 0.056268 0.088247
1 0.740955 0.568554 0.081359 0.114525
1 0.827362 0.450418 0.047035 0.092755
1 0.630863 0.341458 0.049861 0.085623
1 0.695182 0.387956 0.062064 0.082365
1 0.093766 0.562495 0.074712 0.111452
1 0.869177 0.466798 0.050943 0.091785
1 0.426505 0.383988 0.057107 0.060274
1 0.987838 0.481756 0.024325 0.101166
1 0.012364 0.541495 0.024631 0.095288
1 0.252907 0.502730 0.076345 0.115968
1 0.292600 0.387210 0.055170 0.066537
1 0.261700 0.495281 0.065796 0.107859
1 0.216299 0.675396 0.079107 0.102303
1 0.107521 0.678165 0.095268 0.128570
