1 0.201450 0.397153 0.052481 0.067065
1 0.864947 0.466838 0.054111 0.092085
1 0.792664 0.473770 0.050253 0.086546
1 0.737361 0.564180 0.075589 0.123262
1 0.095943 0.559262 0.076710 0.112353
1 0.986755 0.483323 0.026490 0.104261
1 0.436620 0.411397 0.061203 0.083678
1 0.508106 0.672942 0.091424 0.121482
1 0.011550 0.541208 0.023100 0.095876
1 0.697052 0.388446 0.058973 0.074309
1 0.296191 0.332840 0.052095 0.072955
1 0.794024 0.391581 0.056883 0.071464
1 0.648295 0.387920 0.041658 0.067925
1 0.943383 0.464067 0.065320 0.082606
1 0.293328 0.393739 0.054967 0.058661
1 0.242734 0.514931 0.058982 0.119242
1 0.427264 0.389062 0.053672 0.069003
1 0.098660 0.671309 0.073163 0.115942
1 0.212083 0.680856 0.063648 0.089770
