1 0.786555 0.471919 0.056087 0.086719
1 0.202697 0.399388 0.055686 0.072367
1 0.784959 0.383876 0.042546 0.053813
1 0.093135 0.563827 0.072832 0.109994
1 0.827356 0.447598 0.047621 0.090451
1 0.741007 0.570255 0.080284 0.110379
1 0.868549 0.465970 0.049636 0.089289
1 0.695490 0.387863 0.060530 0.081324
1 0.012566 0.539475 0.025099 0.094567
1 0.252116 0.506427 0.075727 0.115896
1 0.987499 0.484333 0.025002 0.098886
1 0.636151 0.341710 0.044983 0.088560
1 0.293399 0.391596 0.056535 0.063938
1 0.183487 0.593371 0.061392 0.120637
1 0.426319 0.383549 0.055257 0.058899
1 0.508221 0.679774 0.089001 0.110518
