1 0.736856 0.564483 0.076859 0.120272
1 0.095179 0.554273 0.074801 0.115487
1 0.201509 0.398360 0.052834 0.064609
1 0.866010 0.466361 0.052518 0.089952
1 0.792395 0.472659 0.049250 0.087915
1 0.986251 0.485310 0.027499 0.100168
1 0.012737 0.537888 0.025421 0.101343
1 0.698364 0.386974 0.059102 0.071521
1 0.794956 0.392016 0.058417 0.072449
1 0.243595 0.515704 0.060332 0.116927
1 0.504971 0.673577 0.085508 0.116110
1 0.430680 0.398957 0.060400 0.088955
1 0.943536 0.463236 0.063625 0.079352
1 0.099151 0.671208 0.073440 0.115133
1 0.649461 0.389301 0.040106 0.067560
1 0.436944 0.410072 0.060110 0.085717
1 0.292511 0.391091 0.053769 0.061835
1 0.213589 0.679631 0.067791 0.093175
