1 0.863624 0.462041 0.061481 0.086512
1 0.912984 0.565442 0.072146 0.099523
1 0.510800 0.669689 0.087766 0.114585
1 0.214355 0.678467 0.073307 0.096159
1 0.107739 0.564791 0.084788 0.106750
1 0.014273 0.538116 0.028547 0.100490
1 0.986703 0.483877 0.026594 0.106981
1 0.098518 0.666358 0.076319 0.122405
1 0.791068 0.466016 0.053538 0.075657
1 0.576757 0.435206 0.045653 0.065800
1 0.301973 0.330958 0.052892 0.072820
1 0.742452 0.560554 0.065572 0.114873
1 0.240303 0.505514 0.069032 0.125220
1 0.296002 0.525542 0.079363 0.145808
1 0.623775 0.377143 0.034871 0.062199
