1 0.204289 0.399522 0.053765 0.072636
1 0.695989 0.386711 0.060545 0.077243
1 0.856832 0.459928 0.061411 0.106844
1 0.507644 0.682203 0.092224 0.111581
1 0.280797 0.394244 0.050057 0.073597
1 0.429933 0.391364 0.059927 0.076126
1 0.093022 0.557588 0.075531 0.115870
1 0.987226 0.486596 0.025548 0.100438
1 0.735094 0.562036 0.084499 0.120538
1 0.012289 0.539895 0.024579 0.102624
1 0.789698 0.385310 0.050607 0.062175
1 0.914019 0.554118 0.071651 0.116441
1 0.940821 0.483544 0.079028 0.119304
1 0.793620 0.468356 0.052809 0.089541
