1 0.203865 0.400076 0.053995 0.073059
1 0.859917 0.460021 0.055282 0.102451
1 0.507511 0.681837 0.092826 0.111974
1 0.091992 0.559787 0.071815 0.110632
1 0.281314 0.393706 0.049998 0.071956
1 0.430213 0.390944 0.060362 0.075409
1 0.695916 0.387210 0.060018 0.077452
1 0.794778 0.468947 0.058081 0.089523
1 0.736271 0.566153 0.083123 0.110835
1 0.012971 0.541734 0.025831 0.102185
1 0.987063 0.484400 0.025875 0.105019
1 0.914343 0.552663 0.071052 0.118161
1 0.790553 0.384825 0.051038 0.062433
1 0.622285 0.343303 0.062786 0.094285
1 0.941176 0.484029 0.078124 0.118210
1 0.227101 0.676928 0.089246 0.101095
