1 0.788145 0.468209 0.058466 0.084346
1 0.866625 0.469918 0.053538 0.098826
1 0.203937 0.399725 0.056606 0.074959
1 0.785166 0.382762 0.043083 0.054690
1 0.827665 0.438389 0.045905 0.088082
1 0.739979 0.571809 0.080171 0.105883
1 0.095916 0.557334 0.075037 0.122051
1 0.427392 0.390694 0.057065 0.074027
1 0.988529 0.484855 0.022942 0.099540
1 0.290760 0.392891 0.053938 0.066075
1 0.506200 0.683693 0.092294 0.112177
1 0.695955 0.386835 0.063327 0.083972
1 0.012501 0.540703 0.024959 0.098286
1 0.944464 0.461142 0.066196 0.076714
1 0.645280 0.351588 0.044595 0.101022
1 0.251494 0.509949 0.077406 0.104280
