1 0.789655 0.467292 0.057492 0.085248
1 0.866276 0.467762 0.053875 0.094863
1 0.204219 0.399697 0.057477 0.073684
1 0.785440 0.383046 0.042528 0.053737
1 0.740543 0.573693 0.079033 0.101841
1 0.427351 0.389095 0.058403 0.071224
1 0.504038 0.683470 0.090214 0.115924
1 0.827465 0.435409 0.044802 0.083320
1 0.096403 0.559255 0.073904 0.116201
1 0.290592 0.392834 0.052322 0.065378
1 0.988798 0.484682 0.022403 0.098701
1 0.695503 0.388056 0.061284 0.082672
1 0.646381 0.351331 0.044791 0.094669
1 0.183295 0.592934 0.061318 0.121592
1 0.943424 0.464426 0.069006 0.081296
