1 0.740391 0.564537 0.074058 0.109437
1 0.787805 0.462713 0.059359 0.088017
1 0.013688 0.536012 0.027356 0.101292
1 0.865730 0.469073 0.052946 0.097823
1 0.100334 0.677271 0.071701 0.108631
1 0.099063 0.558500 0.076149 0.101859
1 0.431088 0.396371 0.066140 0.084915
1 0.987245 0.482933 0.025510 0.101923
1 0.200305 0.398282 0.052246 0.069422
1 0.785578 0.383722 0.041459 0.052743
1 0.246574 0.514386 0.065654 0.124841
1 0.945255 0.461343 0.064401 0.076648
1 0.290134 0.393132 0.051623 0.062156
1 0.830789 0.434155 0.045281 0.087072
1 0.211033 0.680711 0.069639 0.093686
1 0.186271 0.595366 0.059019 0.125338
1 0.652794 0.388350 0.036454 0.062474
