1 0.913479 0.565487 0.072647 0.099278
1 0.864048 0.461680 0.061160 0.086089
1 0.214180 0.678075 0.074005 0.094785
1 0.510415 0.672660 0.089215 0.116090
1 0.014253 0.537744 0.028506 0.100207
1 0.986024 0.483827 0.027951 0.106975
1 0.098781 0.666866 0.075252 0.119191
1 0.737084 0.563983 0.072693 0.104524
1 0.107534 0.565594 0.085582 0.108780
1 0.576841 0.435263 0.045722 0.064858
1 0.239011 0.506239 0.069015 0.125910
1 0.624906 0.376959 0.035972 0.063223
1 0.786238 0.381862 0.041568 0.058190
1 0.826368 0.415704 0.044435 0.080008
1 0.789878 0.459800 0.054119 0.076891
1 0.302382 0.331384 0.052473 0.072363
