1 0.014088 0.538848 0.027963 0.097712
1 0.864770 0.467081 0.055388 0.094515
1 0.200922 0.401378 0.052595 0.068054
1 0.739683 0.565151 0.076167 0.112110
1 0.097474 0.554338 0.075184 0.111259
1 0.788011 0.466700 0.055607 0.091580
1 0.986754 0.482651 0.026464 0.103663
1 0.829916 0.437533 0.046237 0.090712
1 0.429455 0.396728 0.065136 0.086808
1 0.245047 0.518363 0.065705 0.117389
1 0.289120 0.392598 0.050464 0.061428
1 0.785599 0.386497 0.042245 0.056288
1 0.100751 0.675489 0.072213 0.114536
1 0.944926 0.461119 0.063802 0.076619
1 0.652564 0.389502 0.037655 0.063749
