1 0.864664 0.466300 0.055774 0.094326
1 0.790272 0.470865 0.054008 0.097814
1 0.201758 0.399210 0.054049 0.067515
1 0.508859 0.676608 0.091647 0.116135
1 0.096225 0.564493 0.080178 0.102925
1 0.011554 0.539398 0.023048 0.094434
1 0.986807 0.483255 0.026385 0.102059
1 0.426127 0.388179 0.053011 0.067484
1 0.734226 0.570375 0.082763 0.107091
1 0.265979 0.479009 0.064647 0.120761
1 0.791739 0.390948 0.055983 0.072333
1 0.435870 0.412318 0.062807 0.082146
1 0.693655 0.388945 0.063307 0.085131
1 0.599936 0.329275 0.055385 0.073954
1 0.943523 0.461221 0.067362 0.078698
1 0.185508 0.594509 0.057524 0.118399
