1 0.786454 0.470498 0.056825 0.084880
1 0.203399 0.399176 0.055675 0.071779
1 0.868299 0.465892 0.050702 0.090469
1 0.695467 0.387430 0.062729 0.084207
1 0.827000 0.445694 0.048876 0.089787
1 0.785823 0.383926 0.042718 0.054136
1 0.741282 0.569982 0.079419 0.109230
1 0.508873 0.678453 0.091007 0.111574
1 0.091283 0.552327 0.075142 0.129613
1 0.012948 0.540879 0.025862 0.093519
1 0.987874 0.484863 0.024251 0.099914
1 0.643680 0.345131 0.043268 0.099481
1 0.250471 0.510426 0.073681 0.111071
1 0.429872 0.391007 0.059314 0.072420
1 0.183713 0.592790 0.061218 0.121780
