1 0.095422 0.557011 0.076624 0.114011
1 0.790380 0.472446 0.052150 0.091963
1 0.201663 0.399079 0.054045 0.066947
1 0.864452 0.464666 0.054522 0.090279
1 0.737135 0.570898 0.077465 0.107838
1 0.986899 0.484451 0.026203 0.099892
1 0.426845 0.391122 0.054985 0.072478
1 0.011113 0.538936 0.022226 0.098903
1 0.695085 0.389106 0.058251 0.077760
1 0.943627 0.462837 0.065530 0.082575
1 0.185986 0.596342 0.058761 0.120545
1 0.436027 0.411043 0.061357 0.085346
1 0.102497 0.670370 0.078168 0.120113
1 0.646868 0.386583 0.041866 0.074982
