1 0.201127 0.402002 0.053123 0.069398
1 0.738795 0.557518 0.075878 0.122316
1 0.787452 0.470396 0.055762 0.093204
1 0.866124 0.466470 0.054159 0.094661
1 0.096643 0.554514 0.075390 0.115253
1 0.013608 0.537570 0.027069 0.102462
1 0.987027 0.484222 0.025946 0.100473
1 0.830136 0.434220 0.044934 0.084937
1 0.246758 0.513873 0.067440 0.124898
1 0.429069 0.396225 0.063960 0.084849
1 0.786091 0.386942 0.041074 0.059311
1 0.289191 0.391797 0.050553 0.061045
1 0.943281 0.463178 0.065533 0.078581
1 0.099519 0.670587 0.074244 0.121574
1 0.700450 0.394258 0.061509 0.077576
1 0.187073 0.597065 0.060015 0.124229
1 0.652525 0.389211 0.037610 0.065415
