1 0.788017 0.382821 0.047221 0.055457
1 0.203983 0.400131 0.055570 0.070278
1 0.737124 0.565733 0.086187 0.117848
1 0.284358 0.395566 0.048635 0.071726
1 0.790760 0.474194 0.051510 0.081807
1 0.429765 0.393215 0.059197 0.078279
1 0.986508 0.481049 0.026985 0.103320
1 0.092208 0.564095 0.100973 0.143775
1 0.914303 0.555621 0.075080 0.120753
1 0.507662 0.381234 0.043216 0.058256
1 0.012916 0.543099 0.025638 0.113159
1 0.943166 0.468967 0.070515 0.098653
1 0.516355 0.673696 0.086041 0.104511
1 0.247756 0.513947 0.076765 0.104927
1 0.848728 0.463780 0.068189 0.111700
1 0.697201 0.387915 0.056571 0.077255
