1 0.740801 0.566534 0.074322 0.109279
1 0.864956 0.467128 0.054959 0.095828
1 0.788025 0.463819 0.057138 0.088914
1 0.945725 0.459914 0.063473 0.075973
1 0.200353 0.398608 0.052128 0.069737
1 0.099305 0.556822 0.076690 0.108091
1 0.014168 0.534901 0.028337 0.107101
1 0.987469 0.482766 0.025063 0.101565
1 0.785559 0.385084 0.041167 0.054119
1 0.428147 0.392682 0.062257 0.080410
1 0.829731 0.437015 0.045840 0.091562
1 0.246935 0.512730 0.068594 0.126025
1 0.290362 0.392702 0.049797 0.059541
1 0.099955 0.675925 0.072701 0.112560
1 0.653111 0.388792 0.036738 0.062335
1 0.186755 0.595693 0.059766 0.126535
