1 0.095368 0.570102 0.086129 0.108757
1 0.786911 0.383032 0.043076 0.057407
1 0.204420 0.400828 0.055422 0.069996
1 0.284364 0.395416 0.048233 0.070094
1 0.946073 0.459349 0.062172 0.077513
1 0.734814 0.566754 0.080750 0.109149
1 0.013018 0.541019 0.026015 0.100155
1 0.622256 0.377056 0.042507 0.057633
1 0.430840 0.393652 0.059918 0.078159
1 0.574233 0.429324 0.037227 0.057396
1 0.696794 0.384202 0.052809 0.075977
1 0.506653 0.379864 0.040741 0.056718
1 0.660731 0.346753 0.041543 0.091806
1 0.984258 0.491711 0.031483 0.109238
