1 0.739502 0.558842 0.070951 0.104726
1 0.794156 0.461196 0.054131 0.086030
1 0.100433 0.673916 0.072416 0.110384
1 0.867775 0.470970 0.051236 0.098663
1 0.986888 0.483867 0.026223 0.100553
1 0.110242 0.557182 0.082505 0.105873
1 0.428624 0.390018 0.059967 0.076590
1 0.242694 0.512259 0.071478 0.127935
1 0.562509 0.313289 0.045423 0.053702
1 0.628445 0.380178 0.047097 0.067078
1 0.490394 0.508113 0.056163 0.108230
1 0.207722 0.388844 0.060736 0.063047
1 0.216121 0.678871 0.080118 0.096068
1 0.296118 0.330676 0.054301 0.078378
