1 0.862575 0.462441 0.060054 0.086978
1 0.912708 0.565921 0.071914 0.095371
1 0.106702 0.566047 0.084271 0.105487
1 0.213073 0.678598 0.074181 0.096440
1 0.014498 0.538242 0.028995 0.098104
1 0.785268 0.380496 0.040057 0.054114
1 0.240241 0.508170 0.068679 0.123746
1 0.985884 0.483639 0.028232 0.105748
1 0.098630 0.668753 0.075667 0.122518
1 0.726890 0.564012 0.081692 0.099231
1 0.576895 0.435627 0.045092 0.062695
1 0.510513 0.674698 0.090254 0.121234
1 0.302460 0.331512 0.053254 0.071472
1 0.298123 0.520259 0.074765 0.134498
1 0.825205 0.405644 0.039087 0.065069
