1 0.095545 0.553348 0.075605 0.117903
1 0.201446 0.397064 0.052776 0.066571
1 0.792747 0.473922 0.049180 0.084998
1 0.737080 0.563907 0.076241 0.123299
1 0.864998 0.466006 0.053488 0.089762
1 0.986732 0.484676 0.026536 0.101913
1 0.507948 0.672733 0.089056 0.119262
1 0.697062 0.388944 0.058386 0.073702
1 0.012244 0.539557 0.024482 0.100224
1 0.436674 0.411855 0.060527 0.082581
1 0.242834 0.516411 0.060124 0.117835
1 0.943984 0.463189 0.063604 0.079776
1 0.648767 0.388209 0.041014 0.065789
1 0.099202 0.672542 0.074836 0.116577
1 0.794234 0.390823 0.056787 0.069932
1 0.431443 0.401011 0.061329 0.090661
1 0.427478 0.389661 0.053920 0.070546
1 0.214220 0.679699 0.067890 0.092088
