1 0.203701 0.399933 0.056040 0.070197
1 0.736464 0.566103 0.080220 0.109003
1 0.788399 0.381697 0.046619 0.054637
1 0.283474 0.396769 0.049379 0.073473
1 0.093127 0.559965 0.090397 0.131458
1 0.791443 0.475999 0.052769 0.086280
1 0.429390 0.392971 0.058606 0.078424
1 0.985886 0.486073 0.028228 0.105408
1 0.915680 0.552504 0.077110 0.119813
1 0.848004 0.465095 0.069567 0.113596
1 0.518840 0.671885 0.085739 0.104296
1 0.247814 0.515084 0.074825 0.105022
1 0.507176 0.381711 0.045399 0.061685
1 0.011412 0.536488 0.022667 0.103340
1 0.943340 0.472017 0.070375 0.102308
