1 0.736789 0.576877 0.073065 0.106635
1 0.515907 0.658480 0.087356 0.108215
1 0.106340 0.567899 0.086413 0.107099
1 0.240392 0.521098 0.065375 0.109149
1 0.099737 0.671159 0.075447 0.112414
1 0.985716 0.483748 0.028569 0.105120
1 0.862825 0.495710 0.063433 0.136274
1 0.013299 0.535286 0.026598 0.101936
1 0.288906 0.500486 0.079238 0.109785
1 0.862994 0.565423 0.069698 0.102610
1 0.789755 0.459362 0.055226 0.086349
1 0.689484 0.383406 0.053327 0.074183
1 0.217954 0.669195 0.093094 0.115810
1 0.210247 0.394188 0.059302 0.061782
