1 0.791971 0.466889 0.056916 0.089317
1 0.866344 0.468113 0.053487 0.095175
1 0.204372 0.399314 0.058104 0.075158
1 0.785658 0.383232 0.042474 0.054017
1 0.427240 0.387903 0.057616 0.068501
1 0.739869 0.573210 0.080889 0.102815
1 0.097288 0.557274 0.076802 0.120354
1 0.988679 0.483225 0.022642 0.103556
1 0.503699 0.682669 0.089299 0.114155
1 0.291749 0.392268 0.052035 0.065497
1 0.827109 0.434202 0.044227 0.083517
1 0.695843 0.388344 0.059478 0.079965
1 0.012582 0.540840 0.025164 0.098243
1 0.646061 0.346088 0.041794 0.098166
1 0.101529 0.670258 0.109255 0.155890
1 0.183486 0.592711 0.060404 0.120262
