1 0.732946 0.561859 0.077971 0.108737
1 0.793575 0.470202 0.056316 0.085296
1 0.696240 0.389027 0.063129 0.082021
1 0.204335 0.400671 0.056208 0.073887
1 0.093153 0.561820 0.096955 0.135513
1 0.283585 0.393239 0.050506 0.070259
1 0.913212 0.554572 0.073209 0.117919
1 0.789814 0.381979 0.047934 0.055756
1 0.427768 0.389928 0.056082 0.072764
1 0.514110 0.663354 0.095607 0.115469
1 0.987712 0.479871 0.024576 0.099632
1 0.249040 0.516253 0.078624 0.108447
1 0.013458 0.538915 0.026753 0.107785
1 0.506159 0.379973 0.045609 0.058662
1 0.984134 0.483602 0.031568 0.110097
