1 0.865941 0.467294 0.053557 0.093823
1 0.791278 0.466984 0.056818 0.087586
1 0.204260 0.400006 0.057429 0.074732
1 0.426816 0.388150 0.058691 0.070487
1 0.785535 0.383548 0.043095 0.054686
1 0.740630 0.573076 0.079386 0.102501
1 0.095685 0.556750 0.074231 0.123331
1 0.504049 0.683485 0.090130 0.116669
1 0.826792 0.434156 0.044328 0.083217
1 0.988731 0.484165 0.022539 0.099995
1 0.291722 0.392656 0.053263 0.066691
1 0.695035 0.388096 0.060274 0.082939
1 0.320111 0.337766 0.048221 0.067183
1 0.646700 0.351169 0.044363 0.094481
