1 0.790665 0.472653 0.052286 0.079784
1 0.204310 0.399496 0.055068 0.072946
1 0.089949 0.560058 0.099326 0.146942
1 0.429821 0.393239 0.060500 0.079810
1 0.788869 0.382830 0.047576 0.054584
1 0.283199 0.394141 0.050276 0.074467
1 0.734745 0.564452 0.077940 0.104773
1 0.913576 0.555337 0.073749 0.117423
1 0.984779 0.489887 0.030443 0.119238
1 0.505827 0.381378 0.046645 0.060725
1 0.697290 0.384842 0.061045 0.076770
1 0.013061 0.549563 0.026042 0.123620
1 0.850191 0.465662 0.066641 0.117319
1 0.248242 0.515222 0.076913 0.107433
