1 0.732102 0.563482 0.075017 0.105753
1 0.695787 0.387207 0.063472 0.077883
1 0.204211 0.400278 0.056834 0.073808
1 0.794156 0.468989 0.059906 0.089994
1 0.096692 0.561487 0.089451 0.131449
1 0.283175 0.394446 0.050238 0.072021
1 0.429157 0.394124 0.060266 0.080779
1 0.913057 0.554937 0.072116 0.112442
1 0.014160 0.539984 0.028192 0.102206
1 0.786527 0.381831 0.041947 0.053035
1 0.987338 0.479929 0.025325 0.097102
1 0.188585 0.584164 0.064398 0.107301
1 0.507988 0.380240 0.044888 0.059228
1 0.083083 0.419552 0.064307 0.076243
1 0.249362 0.515980 0.078407 0.107007
