1 0.203943 0.399386 0.055248 0.072333
1 0.863602 0.461293 0.055341 0.101071
1 0.279987 0.395583 0.052820 0.070817
1 0.091924 0.551898 0.075114 0.137748
1 0.738410 0.572789 0.080562 0.102167
1 0.986757 0.482837 0.026487 0.104541
1 0.013314 0.541712 0.026627 0.100220
1 0.429607 0.393162 0.059731 0.077800
1 0.505701 0.682218 0.092948 0.113005
1 0.695766 0.385470 0.059418 0.075123
1 0.913758 0.549995 0.067248 0.110464
1 0.183566 0.594857 0.062943 0.124046
1 0.789685 0.385475 0.050791 0.063584
1 0.250359 0.511384 0.076750 0.108603
1 0.218233 0.672971 0.083367 0.109439
1 0.794950 0.469836 0.059546 0.087416
