1 0.862877 0.461776 0.061592 0.084037
1 0.912618 0.567991 0.070843 0.093883
1 0.791126 0.466171 0.053312 0.075746
1 0.510859 0.667421 0.086543 0.109210
1 0.098272 0.669713 0.075968 0.117614
1 0.213734 0.677805 0.072027 0.096545
1 0.108190 0.564517 0.084686 0.106117
1 0.985389 0.485945 0.029222 0.112615
1 0.576143 0.434047 0.044682 0.065006
1 0.014230 0.538084 0.028460 0.102012
1 0.743420 0.567293 0.061954 0.100666
1 0.301892 0.330728 0.052229 0.072932
1 0.623453 0.377551 0.034745 0.060885
1 0.705456 0.574532 0.045080 0.089378
