1 0.201746 0.399795 0.054111 0.068468
1 0.866114 0.464373 0.053206 0.091516
1 0.986925 0.485254 0.026149 0.100278
1 0.696727 0.388882 0.062415 0.084018
1 0.791537 0.469255 0.051746 0.092777
1 0.095429 0.552330 0.081013 0.122440
1 0.740467 0.575676 0.076251 0.096647
1 0.788423 0.384092 0.045047 0.057553
1 0.264028 0.481068 0.064597 0.118486
1 0.426095 0.385825 0.051505 0.063619
1 0.943138 0.460873 0.067537 0.076428
1 0.010494 0.536800 0.020988 0.103864
1 0.292650 0.389021 0.053961 0.065517
1 0.435489 0.412312 0.062377 0.082290
