1 0.201190 0.400413 0.056022 0.070380
1 0.787456 0.473096 0.056412 0.088083
1 0.786388 0.383665 0.042784 0.054753
1 0.740979 0.569435 0.082121 0.112416
1 0.093270 0.563792 0.074398 0.108959
1 0.829651 0.441344 0.041359 0.075009
1 0.695557 0.389056 0.061814 0.080514
1 0.868445 0.465397 0.050176 0.090520
1 0.629686 0.344385 0.052083 0.085476
1 0.426218 0.382441 0.054741 0.058305
1 0.987936 0.481760 0.024128 0.099480
1 0.012998 0.541126 0.025996 0.093880
1 0.253412 0.499486 0.076816 0.120692
1 0.183258 0.593438 0.060998 0.119245
1 0.102302 0.683952 0.084313 0.122670
1 0.215698 0.676781 0.077323 0.099647
1 0.293372 0.390061 0.053844 0.061257
1 0.512059 0.677417 0.090030 0.112045
