1 0.204677 0.400857 0.056339 0.075341
1 0.865196 0.462262 0.053777 0.093303
1 0.280447 0.395842 0.052273 0.072775
1 0.093289 0.553297 0.072399 0.124714
1 0.505907 0.682133 0.094357 0.113934
1 0.987551 0.482451 0.024897 0.102769
1 0.736270 0.569665 0.084250 0.112753
1 0.013295 0.542082 0.026564 0.098486
1 0.430339 0.395602 0.061751 0.084392
1 0.793931 0.469871 0.059005 0.087501
1 0.695669 0.386567 0.060098 0.076231
1 0.789078 0.383259 0.048335 0.058651
1 0.219972 0.671571 0.086011 0.111609
1 0.250984 0.510910 0.078293 0.104525
1 0.635035 0.337477 0.049058 0.085653
