1 0.201592 0.400473 0.055589 0.070870
1 0.786428 0.474237 0.055633 0.086886
1 0.786462 0.384198 0.042721 0.055430
1 0.741088 0.567502 0.082359 0.116720
1 0.695562 0.389061 0.062691 0.082768
1 0.829120 0.446121 0.043882 0.085076
1 0.629779 0.342420 0.051470 0.086855
1 0.868369 0.465455 0.050692 0.089171
1 0.426560 0.383442 0.056543 0.058607
1 0.988177 0.481154 0.023647 0.099755
1 0.252804 0.501670 0.076178 0.116365
1 0.012511 0.541527 0.024955 0.093620
1 0.093937 0.561432 0.073934 0.109892
1 0.183724 0.593222 0.060980 0.119860
1 0.214980 0.676870 0.076273 0.099352
