1 0.201760 0.399153 0.054301 0.067319
1 0.790075 0.472054 0.053432 0.098045
1 0.864390 0.465828 0.054931 0.091666
1 0.096568 0.560504 0.078966 0.105241
1 0.509363 0.675980 0.092672 0.118909
1 0.987014 0.483903 0.025973 0.099527
1 0.426875 0.390467 0.054491 0.071755
1 0.692786 0.388692 0.062359 0.085694
1 0.736356 0.566047 0.079488 0.114879
1 0.010538 0.539709 0.021076 0.098239
1 0.436424 0.412889 0.060322 0.080169
1 0.295470 0.333030 0.054581 0.077200
1 0.186018 0.597061 0.058906 0.119970
1 0.942755 0.460950 0.067605 0.078908
1 0.649319 0.389876 0.037840 0.068528
1 0.265996 0.486280 0.068233 0.122737
1 0.791365 0.391341 0.054215 0.072850
1 0.103261 0.682990 0.075276 0.101401
