1 0.789706 0.466541 0.057517 0.077191
1 0.737240 0.577843 0.071755 0.106134
1 0.518058 0.656559 0.086422 0.108341
1 0.240812 0.512918 0.067940 0.116311
1 0.106835 0.564019 0.088259 0.112952
1 0.865527 0.462912 0.059820 0.084705
1 0.099674 0.668729 0.077721 0.125378
1 0.986298 0.483086 0.027403 0.104942
1 0.013118 0.535659 0.026236 0.101932
1 0.687381 0.391560 0.047929 0.085777
1 0.867798 0.574955 0.068029 0.087299
1 0.428777 0.396198 0.066314 0.087026
1 0.212048 0.397351 0.056140 0.064881
1 0.299254 0.560811 0.067568 0.120219
