1 0.786004 0.471053 0.056817 0.085952
1 0.202803 0.399153 0.056197 0.072855
1 0.867684 0.466127 0.051179 0.089898
1 0.827439 0.445899 0.048678 0.089182
1 0.785210 0.384115 0.042537 0.053730
1 0.740740 0.570824 0.080599 0.110866
1 0.696068 0.387408 0.060992 0.081042
1 0.092370 0.559291 0.074929 0.118548
1 0.987323 0.485555 0.025353 0.099264
1 0.251592 0.508989 0.075943 0.112697
1 0.012304 0.539542 0.024551 0.098608
1 0.293406 0.394012 0.056304 0.063645
1 0.508108 0.679420 0.091714 0.111093
1 0.183588 0.592756 0.060676 0.121216
1 0.425375 0.382548 0.051212 0.059156
1 0.641452 0.347059 0.042995 0.091386
