1 0.202037 0.399295 0.054163 0.067776
1 0.864585 0.463146 0.056144 0.090170
1 0.789910 0.470558 0.052607 0.094246
1 0.096008 0.558657 0.078312 0.107479
1 0.425546 0.387294 0.051593 0.064927
1 0.987082 0.484627 0.025837 0.098862
1 0.011151 0.538913 0.022242 0.094972
1 0.697817 0.390407 0.061686 0.081350
1 0.647996 0.391821 0.039670 0.063181
1 0.737041 0.573529 0.081065 0.103905
1 0.265662 0.476482 0.064821 0.123452
1 0.943262 0.460634 0.067843 0.076298
1 0.435514 0.411576 0.062446 0.082664
1 0.789582 0.388390 0.051211 0.066881
1 0.187769 0.598834 0.057485 0.114973
1 0.604464 0.320076 0.043945 0.070426
1 0.292632 0.390003 0.053302 0.064782
