1 0.014901 0.538296 0.029576 0.099467
1 0.864873 0.467142 0.055989 0.093571
1 0.740270 0.566514 0.075831 0.109227
1 0.786427 0.465053 0.059584 0.089343
1 0.431576 0.396338 0.068129 0.085609
1 0.200953 0.400581 0.052715 0.066991
1 0.098389 0.552710 0.075483 0.113312
1 0.987382 0.483759 0.025236 0.101408
1 0.785719 0.386774 0.042264 0.057081
1 0.830070 0.438141 0.045614 0.091393
1 0.245982 0.513560 0.065571 0.125433
1 0.945307 0.460948 0.063947 0.076278
1 0.100503 0.675236 0.072895 0.115655
1 0.289311 0.392074 0.050942 0.061686
1 0.652633 0.388949 0.037038 0.064818
