1 0.792497 0.472059 0.061586 0.091289
1 0.095975 0.568880 0.086918 0.109065
1 0.203591 0.400197 0.055165 0.069537
1 0.283790 0.394959 0.049214 0.067990
1 0.513469 0.666669 0.080939 0.110240
1 0.788341 0.382188 0.046674 0.056357
1 0.735424 0.568775 0.075285 0.094262
1 0.433999 0.397492 0.068254 0.086117
1 0.505935 0.379388 0.051340 0.064566
1 0.940162 0.478013 0.090013 0.113454
1 0.010457 0.543603 0.020881 0.115467
1 0.697223 0.387507 0.062209 0.090798
1 0.983946 0.494479 0.032107 0.106987
1 0.067544 0.698019 0.095023 0.121724
