1 0.860430 0.459743 0.054237 0.099874
1 0.203675 0.398930 0.054357 0.072610
1 0.091598 0.551908 0.073701 0.134061
1 0.506080 0.681883 0.094884 0.113478
1 0.739326 0.570452 0.079129 0.102195
1 0.281104 0.392539 0.050347 0.070960
1 0.913294 0.553712 0.069833 0.113283
1 0.987140 0.483449 0.025720 0.101763
1 0.013109 0.542089 0.026218 0.100366
1 0.696238 0.386366 0.059602 0.075796
1 0.429291 0.391528 0.059027 0.075251
1 0.794960 0.469049 0.058291 0.088186
1 0.790703 0.385077 0.051269 0.061928
1 0.249494 0.512574 0.075774 0.106001
1 0.183864 0.595148 0.062381 0.122898
1 0.941971 0.483182 0.076357 0.118503
1 0.223240 0.673352 0.089666 0.109431
