1 0.787102 0.470191 0.056646 0.084049
1 0.203505 0.399176 0.055836 0.072629
1 0.740896 0.569384 0.081079 0.111393
1 0.868172 0.467933 0.052851 0.094782
1 0.091959 0.553038 0.075637 0.132483
1 0.785559 0.384320 0.043334 0.054581
1 0.695726 0.388793 0.063151 0.083135
1 0.826808 0.443977 0.049035 0.090219
1 0.429523 0.390726 0.059457 0.074056
1 0.250346 0.510122 0.075495 0.107966
1 0.508201 0.681953 0.094229 0.111694
1 0.987849 0.483790 0.024303 0.102398
1 0.644627 0.343536 0.042689 0.099747
1 0.012303 0.539661 0.024444 0.096954
