1 0.864210 0.465450 0.055365 0.091556
1 0.201544 0.398990 0.054268 0.066217
1 0.789932 0.472359 0.051696 0.095644
1 0.095787 0.555265 0.079899 0.119517
1 0.426869 0.392301 0.055866 0.076133
1 0.738892 0.570886 0.073923 0.106290
1 0.986672 0.483956 0.026656 0.100394
1 0.010705 0.539160 0.021361 0.099691
1 0.694435 0.390265 0.057762 0.080907
1 0.509532 0.675157 0.091315 0.121531
1 0.101730 0.673182 0.077377 0.114621
1 0.185922 0.596314 0.058999 0.120728
1 0.296126 0.333779 0.054778 0.076048
1 0.790958 0.391025 0.052653 0.071847
1 0.943076 0.461470 0.066757 0.080579
