1 0.729690 0.562108 0.077995 0.108096
1 0.695236 0.386808 0.062360 0.076622
1 0.204566 0.400754 0.056203 0.074759
1 0.096205 0.557671 0.086945 0.131492
1 0.786322 0.380801 0.040532 0.050020
1 0.283414 0.394621 0.050181 0.072764
1 0.913232 0.554680 0.072304 0.113256
1 0.429107 0.393658 0.060102 0.079830
1 0.013718 0.538977 0.027345 0.099200
1 0.794490 0.468008 0.061217 0.090646
1 0.987361 0.479844 0.025278 0.096012
1 0.187986 0.582313 0.064796 0.108493
1 0.507896 0.380516 0.046987 0.060063
1 0.083057 0.418873 0.064660 0.077284
