1 0.791113 0.472457 0.052742 0.078357
1 0.091004 0.560635 0.096660 0.141486
1 0.204008 0.399015 0.055182 0.072141
1 0.428790 0.392584 0.059106 0.078381
1 0.789178 0.383048 0.048006 0.055748
1 0.283199 0.394374 0.050778 0.075195
1 0.735024 0.566130 0.075873 0.100526
1 0.985626 0.485231 0.028748 0.107867
1 0.913801 0.555267 0.073549 0.116095
1 0.505398 0.382065 0.047214 0.060451
1 0.014080 0.545883 0.027988 0.112647
1 0.248638 0.515458 0.076906 0.105964
1 0.696628 0.385102 0.061393 0.078022
1 0.851110 0.466508 0.065557 0.119614
