1 0.862794 0.461494 0.053861 0.100236
1 0.091857 0.552005 0.073580 0.134135
1 0.203660 0.398976 0.054695 0.072992
1 0.738975 0.570686 0.079507 0.103893
1 0.281050 0.391411 0.050419 0.071097
1 0.505094 0.681950 0.094300 0.113817
1 0.695898 0.386027 0.059154 0.075845
1 0.013295 0.541076 0.026515 0.100880
1 0.986755 0.483952 0.026490 0.105234
1 0.913045 0.551889 0.069418 0.115243
1 0.429552 0.392128 0.058845 0.075300
1 0.791194 0.386945 0.052822 0.067011
1 0.795544 0.468815 0.059181 0.088429
1 0.249754 0.511149 0.075759 0.108008
1 0.183691 0.595239 0.063270 0.122683
1 0.219189 0.673593 0.085422 0.109703
