1 0.789869 0.469527 0.054421 0.080428
1 0.517336 0.659400 0.083680 0.108350
1 0.737127 0.577805 0.074087 0.107342
1 0.106958 0.565700 0.089097 0.110681
1 0.100126 0.668808 0.076163 0.116750
1 0.866906 0.572623 0.069333 0.089161
1 0.013562 0.537392 0.027125 0.105128
1 0.289094 0.394225 0.059003 0.065757
1 0.240781 0.515896 0.068737 0.112597
1 0.688192 0.389971 0.049708 0.084862
1 0.987006 0.482930 0.025988 0.101737
1 0.429457 0.396158 0.065457 0.087237
1 0.213036 0.398186 0.057911 0.065053
1 0.942059 0.476484 0.080256 0.109572
