1 0.866048 0.467818 0.054782 0.094232
1 0.792416 0.464437 0.055579 0.093559
1 0.205062 0.400027 0.057361 0.075062
1 0.786953 0.383250 0.042690 0.057037
1 0.093662 0.556544 0.072648 0.118156
1 0.288580 0.391695 0.054099 0.068340
1 0.739678 0.569820 0.082087 0.109595
1 0.987831 0.482596 0.024338 0.103283
1 0.696550 0.387468 0.058712 0.079066
1 0.506023 0.683070 0.093839 0.113759
1 0.012659 0.540026 0.025317 0.098447
1 0.431176 0.394982 0.064977 0.081954
1 0.647038 0.347229 0.043754 0.092218
1 0.184699 0.595937 0.060932 0.119035
