1 0.201359 0.402836 0.054429 0.071393
1 0.866200 0.465671 0.052950 0.091817
1 0.740075 0.558733 0.076980 0.122018
1 0.095029 0.556489 0.075219 0.112675
1 0.986861 0.483949 0.026277 0.102707
1 0.012616 0.538522 0.025072 0.097158
1 0.786236 0.385628 0.040718 0.057808
1 0.186466 0.595688 0.060360 0.122548
1 0.788378 0.471918 0.053176 0.094472
1 0.699992 0.391983 0.063697 0.079826
1 0.244977 0.512891 0.064137 0.124053
1 0.828792 0.429838 0.042976 0.083571
1 0.429276 0.394700 0.063581 0.081203
1 0.099495 0.672215 0.074213 0.117828
1 0.651999 0.388702 0.037544 0.064045
1 0.289905 0.391129 0.050376 0.060497
1 0.215493 0.680052 0.073253 0.093578
