1 0.201928 0.398721 0.053847 0.067133
1 0.792436 0.473540 0.051454 0.091592
1 0.736978 0.563938 0.076624 0.125517
1 0.096914 0.560695 0.077451 0.111216
1 0.986703 0.482283 0.026595 0.104894
1 0.011885 0.541677 0.023751 0.096796
1 0.508670 0.673002 0.093723 0.123594
1 0.696925 0.388160 0.059658 0.073783
1 0.436534 0.411556 0.061482 0.083399
1 0.864638 0.466256 0.054280 0.091956
1 0.794954 0.393017 0.058698 0.073748
1 0.295892 0.332401 0.052804 0.073706
1 0.431042 0.398055 0.061168 0.084996
1 0.099887 0.672696 0.075061 0.118143
1 0.943327 0.466689 0.066623 0.087540
1 0.293811 0.393126 0.054482 0.059095
