1 0.786616 0.469825 0.056985 0.083471
1 0.203436 0.399390 0.055960 0.072790
1 0.868181 0.466580 0.052004 0.092322
1 0.740934 0.569843 0.079905 0.109711
1 0.695630 0.388011 0.063252 0.084214
1 0.091371 0.551937 0.075523 0.128870
1 0.826693 0.446342 0.049770 0.091452
1 0.429875 0.391913 0.060454 0.076754
1 0.785709 0.384539 0.043327 0.055193
1 0.508636 0.679133 0.089802 0.109182
1 0.013011 0.541093 0.025941 0.095087
1 0.987808 0.483428 0.024383 0.101200
1 0.250330 0.512202 0.074554 0.107315
1 0.644415 0.345617 0.041747 0.097182
1 0.184077 0.595269 0.062607 0.120474
