1 0.204874 0.400430 0.056439 0.074917
1 0.865294 0.463212 0.054128 0.091140
1 0.282033 0.396768 0.053745 0.073862
1 0.093123 0.554428 0.071912 0.122036
1 0.738924 0.568719 0.082640 0.111504
1 0.505461 0.682012 0.093495 0.113054
1 0.013387 0.542249 0.026745 0.098185
1 0.987991 0.482061 0.024017 0.104169
1 0.431875 0.396134 0.065648 0.084029
1 0.794456 0.469253 0.058336 0.087208
1 0.695310 0.385042 0.059317 0.076158
1 0.220783 0.671828 0.085813 0.110698
1 0.638683 0.345343 0.049126 0.090334
1 0.789399 0.383892 0.046913 0.058627
1 0.182422 0.592055 0.062152 0.122567
