1 0.727893 0.564151 0.079197 0.114729
1 0.204026 0.400033 0.056406 0.072991
1 0.695819 0.385784 0.060650 0.077643
1 0.282674 0.395808 0.050250 0.073851
1 0.096633 0.562142 0.084933 0.118960
1 0.793714 0.467588 0.063160 0.093162
1 0.427992 0.391911 0.057849 0.076407
1 0.013262 0.540401 0.026507 0.106177
1 0.785673 0.382053 0.039764 0.047835
1 0.986598 0.483714 0.026804 0.105938
1 0.913169 0.556124 0.073278 0.115084
1 0.184420 0.587452 0.061429 0.111031
1 0.084535 0.420253 0.061360 0.071894
1 0.610773 0.312432 0.040387 0.049935
