1 0.204079 0.399875 0.055316 0.070304
1 0.284356 0.395545 0.048427 0.072023
1 0.095548 0.573368 0.087992 0.116562
1 0.788315 0.383486 0.047867 0.060579
1 0.735103 0.567703 0.088911 0.118620
1 0.429397 0.392662 0.058763 0.077455
1 0.012610 0.540266 0.025093 0.101303
1 0.617195 0.377242 0.038316 0.055546
1 0.791147 0.470423 0.053211 0.080062
1 0.982976 0.494093 0.034048 0.115510
1 0.697057 0.390343 0.055206 0.077671
1 0.941943 0.467870 0.070480 0.094889
1 0.507125 0.380016 0.040453 0.055877
1 0.513886 0.666931 0.082824 0.115425
