1 0.514361 0.665065 0.078676 0.112641
1 0.695453 0.385797 0.059930 0.075194
1 0.204473 0.400524 0.056370 0.073660
1 0.281793 0.396773 0.049173 0.075039
1 0.093131 0.561133 0.084458 0.113811
1 0.428135 0.391637 0.056492 0.075680
1 0.785961 0.382565 0.039934 0.049987
1 0.986171 0.487890 0.027657 0.103342
1 0.729005 0.568541 0.082030 0.103442
1 0.012070 0.541098 0.024115 0.114183
1 0.913024 0.555022 0.073020 0.113786
1 0.695611 0.373367 0.065899 0.098471
1 0.611007 0.312895 0.041991 0.047627
1 0.940311 0.479036 0.078171 0.108844
