1 0.864130 0.464986 0.057421 0.090734
1 0.212322 0.674169 0.086442 0.114266
1 0.109328 0.559523 0.084504 0.101203
1 0.100084 0.671343 0.072980 0.115479
1 0.765189 0.502191 0.049159 0.089998
1 0.651620 0.385617 0.038144 0.061770
1 0.740777 0.574988 0.082106 0.101197
1 0.985309 0.481984 0.029382 0.102707
1 0.209183 0.391662 0.055940 0.058066
1 0.686818 0.383109 0.050269 0.081770
1 0.797777 0.453354 0.054370 0.089966
1 0.434431 0.393733 0.064225 0.081996
1 0.011365 0.546113 0.022730 0.111037
1 0.244380 0.507471 0.071421 0.126668
