1 0.204987 0.400616 0.056694 0.074970
1 0.865520 0.465535 0.054690 0.090021
1 0.282071 0.396427 0.053398 0.073005
1 0.094005 0.555140 0.072460 0.120632
1 0.739300 0.569600 0.081961 0.108105
1 0.987905 0.481926 0.024190 0.102207
1 0.013465 0.542543 0.026922 0.096409
1 0.695384 0.385371 0.058399 0.075752
1 0.507382 0.682698 0.095600 0.114000
1 0.431714 0.395971 0.065673 0.083667
1 0.794745 0.469350 0.057355 0.087751
1 0.641505 0.345190 0.048333 0.093800
1 0.788301 0.382782 0.046096 0.056881
1 0.221065 0.670563 0.086418 0.112450
