1 0.866127 0.468231 0.054071 0.096425
1 0.785746 0.382884 0.042805 0.053382
1 0.792954 0.467479 0.056244 0.089621
1 0.094488 0.555725 0.074681 0.124542
1 0.204542 0.398949 0.058555 0.076811
1 0.428388 0.388613 0.057804 0.070552
1 0.740099 0.572200 0.080841 0.103998
1 0.292587 0.390237 0.049558 0.064724
1 0.988463 0.483454 0.023074 0.104263
1 0.695406 0.387880 0.059613 0.079993
1 0.827060 0.434926 0.043445 0.086548
1 0.503162 0.682917 0.089725 0.113155
1 0.944749 0.462231 0.066513 0.079650
1 0.012849 0.543570 0.025698 0.095854
1 0.646559 0.346787 0.043865 0.095287
1 0.183254 0.593794 0.061012 0.119337
