1 0.865234 0.461214 0.053013 0.097416
1 0.204034 0.400489 0.055647 0.073337
1 0.280003 0.395990 0.052910 0.071614
1 0.091800 0.551325 0.074946 0.136540
1 0.734422 0.569000 0.085267 0.111852
1 0.987440 0.481767 0.025120 0.102312
1 0.793954 0.469585 0.058514 0.086755
1 0.429492 0.395417 0.059865 0.083175
1 0.506608 0.683175 0.093263 0.113380
1 0.013223 0.542595 0.026354 0.097182
1 0.695498 0.385600 0.059184 0.074757
1 0.789349 0.384869 0.048590 0.060730
1 0.251127 0.511502 0.077610 0.104492
1 0.218142 0.673160 0.082903 0.109225
1 0.183454 0.595245 0.062997 0.123122
