1 0.737126 0.574567 0.072974 0.112676
1 0.519460 0.659556 0.085876 0.108257
1 0.098077 0.670954 0.076107 0.109538
1 0.689443 0.382673 0.051277 0.078711
1 0.109034 0.565365 0.086047 0.106216
1 0.861549 0.564184 0.071488 0.108116
1 0.241355 0.519170 0.064275 0.109792
1 0.221868 0.673818 0.087368 0.103058
1 0.865769 0.464520 0.055951 0.088353
1 0.442509 0.411779 0.051308 0.087564
1 0.013275 0.535131 0.026550 0.110875
1 0.862299 0.491634 0.062460 0.139032
1 0.986763 0.484025 0.026475 0.110516
1 0.648150 0.385318 0.038448 0.063780
