1 0.095821 0.569286 0.086600 0.103942
1 0.203838 0.400244 0.055425 0.071134
1 0.737010 0.567490 0.081811 0.103833
1 0.284800 0.394047 0.048831 0.066841
1 0.787502 0.382095 0.042454 0.055499
1 0.623071 0.378134 0.043828 0.057122
1 0.012379 0.537641 0.024672 0.096184
1 0.515771 0.674228 0.078679 0.099747
1 0.062608 0.700917 0.091062 0.113742
1 0.430003 0.393231 0.058114 0.076849
1 0.576365 0.429878 0.036864 0.057812
1 0.946813 0.458134 0.067430 0.077419
1 0.504646 0.378334 0.043157 0.058075
1 0.797460 0.467958 0.061209 0.089432
