1 0.204128 0.400354 0.055523 0.071538
1 0.914429 0.554750 0.074396 0.111822
1 0.430069 0.393659 0.059772 0.080300
1 0.283421 0.396170 0.050270 0.075304
1 0.093038 0.562126 0.091847 0.131100
1 0.788758 0.382392 0.047733 0.055188
1 0.791351 0.474514 0.053291 0.083871
1 0.736975 0.566820 0.078877 0.103729
1 0.984649 0.487997 0.030701 0.118611
1 0.506314 0.381136 0.046549 0.061354
1 0.248060 0.515596 0.076213 0.106044
1 0.517285 0.671812 0.082703 0.103766
1 0.850089 0.466584 0.067245 0.116890
1 0.694816 0.383266 0.060314 0.083982
1 0.011950 0.540764 0.023795 0.117250
