1 0.105085 0.560641 0.083499 0.095471
1 0.736967 0.560015 0.074153 0.104026
1 0.431906 0.391861 0.064318 0.079148
1 0.245981 0.512323 0.065687 0.126419
1 0.630108 0.376553 0.044579 0.068723
1 0.987227 0.482190 0.025547 0.109996
1 0.797107 0.456540 0.062434 0.101679
1 0.784939 0.383549 0.040228 0.055620
1 0.101336 0.669368 0.072756 0.126935
1 0.904338 0.550263 0.062858 0.122351
1 0.012167 0.540976 0.024334 0.097319
1 0.861332 0.487870 0.062659 0.134141
1 0.291319 0.387201 0.050963 0.066366
1 0.491143 0.507355 0.059639 0.107243
1 0.827039 0.438146 0.045614 0.104742
