1 0.786376 0.469981 0.056417 0.085157
1 0.202801 0.399009 0.055625 0.071962
1 0.867984 0.466351 0.050574 0.088938
1 0.826874 0.445384 0.049433 0.088886
1 0.695281 0.385253 0.062532 0.086552
1 0.740985 0.570788 0.079619 0.108950
1 0.785474 0.385163 0.042782 0.054419
1 0.250396 0.509777 0.073934 0.111888
1 0.508341 0.678902 0.090600 0.111928
1 0.987348 0.485595 0.025303 0.100436
1 0.091199 0.551856 0.077146 0.134373
1 0.012321 0.539774 0.024591 0.096569
1 0.643036 0.348049 0.043288 0.097151
1 0.183639 0.592754 0.061466 0.122375
1 0.295292 0.332837 0.052511 0.070342
