1 0.200930 0.400312 0.055417 0.070105
1 0.786245 0.383832 0.042491 0.054016
1 0.789560 0.471261 0.054631 0.084932
1 0.741973 0.568620 0.082247 0.114187
1 0.426650 0.384833 0.060100 0.064837
1 0.093397 0.563387 0.074467 0.105582
1 0.868967 0.464534 0.048927 0.088272
1 0.695765 0.388409 0.063342 0.088036
1 0.829671 0.440568 0.040998 0.077649
1 0.988123 0.481312 0.023755 0.096581
1 0.012641 0.540463 0.025281 0.096069
1 0.512195 0.675715 0.089625 0.111504
1 0.183617 0.593587 0.060537 0.119430
1 0.210596 0.681071 0.067052 0.091296
1 0.294072 0.388631 0.052109 0.061363
1 0.269759 0.483471 0.050937 0.120625
1 0.254486 0.492971 0.075799 0.124623
1 0.099891 0.682991 0.085730 0.125686
