1 0.734874 0.561297 0.076863 0.107164
1 0.793239 0.471022 0.056102 0.083431
1 0.204074 0.400224 0.056127 0.073172
1 0.913484 0.554264 0.073011 0.116255
1 0.789394 0.382162 0.047819 0.055202
1 0.092643 0.559628 0.092146 0.132088
1 0.696173 0.387147 0.061740 0.079485
1 0.427308 0.389868 0.055722 0.072897
1 0.283745 0.393093 0.050652 0.070568
1 0.987483 0.481372 0.025035 0.097533
1 0.519708 0.660414 0.088063 0.113433
1 0.249561 0.516528 0.078556 0.107270
1 0.506071 0.380034 0.044848 0.057386
1 0.012204 0.535729 0.024260 0.101425
