1 0.789291 0.467032 0.057681 0.086138
1 0.866519 0.469080 0.053377 0.097286
1 0.203992 0.399398 0.057111 0.073945
1 0.785411 0.383152 0.043376 0.054618
1 0.740207 0.573765 0.079939 0.102650
1 0.827834 0.436716 0.045559 0.086169
1 0.095182 0.556529 0.073628 0.125656
1 0.427756 0.390727 0.059173 0.074713
1 0.504167 0.683137 0.091506 0.116060
1 0.988633 0.484941 0.022734 0.099825
1 0.944081 0.462037 0.067395 0.078712
1 0.695664 0.386935 0.062908 0.084333
1 0.291450 0.391989 0.054230 0.067827
1 0.645564 0.352477 0.044600 0.098571
