1 0.201166 0.400139 0.054797 0.068571
1 0.786486 0.384130 0.042198 0.054217
1 0.427383 0.386244 0.061764 0.067334
1 0.741645 0.567583 0.083004 0.115480
1 0.790911 0.468511 0.055189 0.085998
1 0.868266 0.462578 0.048982 0.084824
1 0.988067 0.482285 0.023866 0.097101
1 0.694111 0.388969 0.061836 0.084976
1 0.092694 0.560887 0.075086 0.114740
1 0.828922 0.439743 0.040804 0.080416
1 0.012960 0.541910 0.025845 0.096656
1 0.210079 0.680835 0.064970 0.092258
1 0.294164 0.388056 0.052266 0.061973
1 0.184533 0.593024 0.059649 0.119967
