1 0.516504 0.658992 0.089230 0.109440
1 0.735722 0.577331 0.072713 0.108946
1 0.241201 0.519243 0.064452 0.109807
1 0.098106 0.669156 0.076954 0.114235
1 0.107620 0.565898 0.084229 0.104716
1 0.861954 0.566613 0.072645 0.104659
1 0.013902 0.533524 0.027805 0.108773
1 0.986546 0.483554 0.026907 0.100776
1 0.864066 0.489454 0.061937 0.134769
1 0.689641 0.383031 0.052911 0.073736
1 0.868198 0.466286 0.056269 0.091687
1 0.219642 0.666344 0.092602 0.122406
1 0.442036 0.412764 0.049861 0.091957
1 0.288938 0.393773 0.051366 0.059098
1 0.942369 0.472287 0.074882 0.098578
