1 0.204051 0.400257 0.055968 0.071808
1 0.791325 0.475915 0.052770 0.084734
1 0.788015 0.381277 0.045910 0.053538
1 0.283457 0.396067 0.049490 0.075079
1 0.915076 0.554503 0.073806 0.111578
1 0.092108 0.558648 0.094344 0.138042
1 0.736017 0.564849 0.079407 0.108494
1 0.430264 0.393613 0.059742 0.080116
1 0.943371 0.461257 0.068877 0.085057
1 0.986569 0.485588 0.026861 0.106200
1 0.518751 0.672100 0.084969 0.104843
1 0.247790 0.515382 0.074860 0.105282
1 0.849060 0.465656 0.067700 0.112983
1 0.506837 0.381677 0.046696 0.062755
1 0.695426 0.387515 0.057286 0.078878
