1 0.200868 0.399448 0.054248 0.066725
1 0.866357 0.465697 0.052806 0.088685
1 0.737168 0.564834 0.077136 0.118532
1 0.095446 0.556343 0.074374 0.110783
1 0.986473 0.484043 0.027055 0.098246
1 0.792525 0.471445 0.049508 0.090824
1 0.012843 0.536949 0.025599 0.101854
1 0.430317 0.397225 0.060762 0.086704
1 0.098859 0.670303 0.073286 0.116465
1 0.242521 0.513772 0.061953 0.116643
1 0.649722 0.388001 0.040269 0.065938
1 0.698509 0.386567 0.058335 0.071128
1 0.186310 0.596741 0.058259 0.124075
1 0.795179 0.392129 0.058298 0.071849
1 0.212605 0.679875 0.067681 0.093531
1 0.292418 0.392263 0.053295 0.061373
