1 0.203500 0.399881 0.055906 0.070071
1 0.283418 0.396938 0.049297 0.072792
1 0.788462 0.381768 0.047328 0.055155
1 0.791039 0.476261 0.052272 0.085847
1 0.737315 0.565767 0.082439 0.114113
1 0.428619 0.391534 0.057230 0.075130
1 0.092805 0.563392 0.099534 0.141370
1 0.914577 0.552736 0.074984 0.119829
1 0.985337 0.486555 0.029326 0.112147
1 0.847663 0.465366 0.070320 0.111890
1 0.507052 0.381791 0.046093 0.062254
1 0.012029 0.539416 0.023823 0.108948
1 0.248376 0.514468 0.076311 0.102784
1 0.515737 0.671631 0.085523 0.106126
1 0.697075 0.386895 0.058593 0.077875
