1 0.790531 0.468730 0.053922 0.082322
1 0.517643 0.659499 0.085037 0.109085
1 0.737212 0.578424 0.072642 0.104301
1 0.240475 0.514215 0.068160 0.112410
1 0.107260 0.565610 0.087102 0.108945
1 0.100295 0.668741 0.076477 0.120212
1 0.013639 0.537396 0.027278 0.103683
1 0.865493 0.568255 0.071987 0.094059
1 0.987459 0.483246 0.025083 0.098574
1 0.687968 0.391495 0.049800 0.088463
1 0.429069 0.397026 0.065889 0.089981
1 0.213034 0.397844 0.056368 0.066968
1 0.289067 0.394329 0.060183 0.068501
1 0.941920 0.477001 0.081095 0.112083
