1 0.732749 0.561608 0.075637 0.107393
1 0.696024 0.388755 0.062936 0.080093
1 0.204341 0.400238 0.056126 0.074136
1 0.794795 0.469625 0.059030 0.086291
1 0.283344 0.394130 0.050209 0.070083
1 0.913104 0.555228 0.072692 0.116244
1 0.428548 0.392026 0.057780 0.077216
1 0.514336 0.666052 0.092098 0.112438
1 0.093366 0.563494 0.095383 0.134101
1 0.015257 0.539876 0.030482 0.102400
1 0.789690 0.382653 0.047643 0.056251
1 0.987353 0.480851 0.025295 0.095500
1 0.249922 0.515739 0.078649 0.107194
1 0.507572 0.380343 0.042615 0.057485
