1 0.732675 0.563325 0.074478 0.105054
1 0.695828 0.388070 0.063480 0.079824
1 0.794312 0.469424 0.059569 0.088890
1 0.204404 0.400496 0.056136 0.073669
1 0.283458 0.394303 0.050453 0.069846
1 0.095654 0.562756 0.093262 0.130290
1 0.428343 0.392026 0.058328 0.076140
1 0.913150 0.554949 0.072603 0.117306
1 0.987263 0.480038 0.025475 0.093991
1 0.511065 0.670348 0.082696 0.106231
1 0.787395 0.382322 0.043512 0.055215
1 0.013917 0.538295 0.027701 0.105242
1 0.188859 0.581702 0.067297 0.102576
1 0.507416 0.380171 0.044715 0.058798
1 0.249620 0.516243 0.078793 0.108102
