1 0.728529 0.561902 0.079052 0.111815
1 0.695237 0.386286 0.061442 0.077127
1 0.792676 0.470311 0.059447 0.089247
1 0.204594 0.400663 0.055747 0.074191
1 0.283320 0.395211 0.049926 0.072855
1 0.913470 0.556468 0.072837 0.111061
1 0.098626 0.556358 0.079938 0.132008
1 0.786117 0.381466 0.040234 0.049143
1 0.987066 0.479899 0.025868 0.097893
1 0.013264 0.536642 0.026528 0.105239
1 0.428533 0.392483 0.059429 0.076740
1 0.083304 0.420977 0.065454 0.079100
1 0.824824 0.414187 0.044613 0.074618
1 0.186701 0.584706 0.064475 0.106548
