1 0.733975 0.572049 0.073676 0.111149
1 0.791512 0.463943 0.056462 0.087471
1 0.517367 0.657909 0.084045 0.104085
1 0.214168 0.677009 0.077696 0.097646
1 0.098941 0.666554 0.075468 0.114758
1 0.985082 0.487422 0.029837 0.114446
1 0.014283 0.537437 0.028566 0.104648
1 0.106303 0.565797 0.085097 0.111322
1 0.864285 0.464997 0.060451 0.094887
1 0.911937 0.562359 0.069345 0.095329
1 0.576541 0.435139 0.044647 0.067274
1 0.300832 0.330747 0.051451 0.072411
1 0.624092 0.377727 0.039268 0.066246
1 0.944036 0.460428 0.069693 0.081516
