1 0.792982 0.472199 0.060822 0.091917
1 0.095537 0.568708 0.086059 0.108704
1 0.203568 0.400454 0.055014 0.069163
1 0.284070 0.395261 0.049022 0.067223
1 0.512795 0.666599 0.082008 0.110700
1 0.788500 0.383068 0.046619 0.056503
1 0.736020 0.568305 0.074510 0.093862
1 0.506253 0.379021 0.051037 0.062960
1 0.433314 0.396249 0.067423 0.083247
1 0.856198 0.463049 0.053884 0.103216
1 0.940582 0.479685 0.090625 0.117401
1 0.010114 0.541978 0.020174 0.110513
1 0.698251 0.389786 0.064293 0.086696
1 0.984206 0.493616 0.031588 0.111715
