1 0.202622 0.399641 0.055348 0.071561
1 0.785698 0.472651 0.055001 0.084868
1 0.785907 0.383868 0.041466 0.053071
1 0.093356 0.563958 0.072714 0.104080
1 0.741065 0.569906 0.080673 0.111428
1 0.868880 0.465799 0.049173 0.089046
1 0.828272 0.448258 0.048290 0.086273
1 0.694487 0.387669 0.062016 0.083135
1 0.987743 0.483867 0.024513 0.097837
1 0.012683 0.541040 0.025275 0.093801
1 0.634154 0.341620 0.048059 0.087219
1 0.425562 0.382925 0.054465 0.058331
1 0.251813 0.506104 0.074282 0.113752
1 0.293016 0.388454 0.054726 0.065569
1 0.182861 0.593486 0.062225 0.120950
