1 0.201281 0.402127 0.054270 0.070441
1 0.866318 0.465301 0.053306 0.091788
1 0.739287 0.555312 0.076287 0.127415
1 0.788444 0.469763 0.053762 0.094069
1 0.986680 0.484434 0.026639 0.099622
1 0.095171 0.556227 0.075128 0.113714
1 0.786082 0.386305 0.040850 0.058353
1 0.829697 0.432246 0.044490 0.086531
1 0.012264 0.538181 0.024412 0.102158
1 0.245974 0.512463 0.066509 0.123920
1 0.186422 0.595245 0.060314 0.122561
1 0.428878 0.394245 0.063933 0.080290
1 0.700222 0.394099 0.063036 0.078881
1 0.289372 0.390787 0.050835 0.060945
1 0.651712 0.388658 0.037793 0.064061
1 0.942968 0.460232 0.067191 0.073607
1 0.099302 0.671662 0.074766 0.120943
