1 0.912939 0.564940 0.073083 0.098996
1 0.863198 0.463094 0.060166 0.088369
1 0.014564 0.538394 0.029127 0.098493
1 0.107767 0.566386 0.084887 0.105339
1 0.212866 0.678717 0.073892 0.094572
1 0.510903 0.674710 0.089265 0.116802
1 0.098975 0.671721 0.074427 0.113039
1 0.239260 0.506172 0.068086 0.127572
1 0.985740 0.484078 0.028521 0.108254
1 0.577042 0.435293 0.045169 0.063069
1 0.727434 0.563585 0.084488 0.102754
1 0.784342 0.385280 0.041740 0.059981
1 0.299723 0.526671 0.074633 0.143802
1 0.824728 0.412833 0.042881 0.071093
1 0.302452 0.331938 0.052116 0.070962
