1 0.203601 0.400672 0.054589 0.069451
1 0.791383 0.473956 0.060806 0.094602
1 0.094375 0.569876 0.084750 0.106769
1 0.284570 0.394142 0.048129 0.067635
1 0.504704 0.380393 0.051855 0.065680
1 0.787638 0.383654 0.044758 0.057247
1 0.731459 0.573851 0.078668 0.101605
1 0.515012 0.670190 0.077256 0.105340
1 0.694914 0.389519 0.056023 0.082059
1 0.062824 0.698227 0.088465 0.118161
1 0.010254 0.540375 0.020479 0.104300
1 0.986953 0.488078 0.026094 0.117657
1 0.913498 0.550413 0.075014 0.117975
1 0.430781 0.393470 0.060998 0.077140
