1 0.737888 0.573423 0.074607 0.110825
1 0.521087 0.660041 0.087022 0.109323
1 0.098370 0.669754 0.076549 0.114077
1 0.696593 0.381892 0.062984 0.084244
1 0.649426 0.387873 0.037537 0.063720
1 0.109561 0.563275 0.087185 0.107344
1 0.222340 0.671413 0.088809 0.104364
1 0.013381 0.532312 0.026761 0.113429
1 0.987546 0.482105 0.024908 0.104604
1 0.695380 0.366679 0.069639 0.114710
1 0.861657 0.565257 0.070507 0.107313
1 0.242366 0.514602 0.062871 0.110379
1 0.284354 0.498916 0.078885 0.122762
1 0.784990 0.380102 0.042283 0.057792
