1 0.203788 0.401422 0.055335 0.072300
1 0.095455 0.569501 0.086350 0.108310
1 0.284734 0.394091 0.048035 0.066690
1 0.790753 0.472324 0.060761 0.094551
1 0.433420 0.396512 0.066336 0.083854
1 0.787343 0.382652 0.044113 0.055761
1 0.693309 0.390086 0.054867 0.082716
1 0.732183 0.573661 0.078646 0.098705
1 0.506672 0.381830 0.051887 0.065983
1 0.009938 0.539318 0.019874 0.102534
1 0.987081 0.485585 0.025839 0.118175
1 0.514479 0.672809 0.076294 0.101368
1 0.573145 0.433303 0.046208 0.067136
1 0.637195 0.340338 0.053050 0.097521
