1 0.204345 0.399606 0.054562 0.071196
1 0.695975 0.386007 0.060770 0.076807
1 0.281685 0.395466 0.049602 0.074275
1 0.735905 0.562751 0.083385 0.119409
1 0.850703 0.463099 0.069531 0.108026
1 0.429398 0.392318 0.059144 0.076323
1 0.987573 0.486365 0.024853 0.097561
1 0.091931 0.552394 0.080842 0.129272
1 0.507778 0.683982 0.095300 0.114034
1 0.790023 0.385291 0.050580 0.061008
1 0.012407 0.539294 0.024583 0.103055
1 0.185224 0.596936 0.059250 0.117145
1 0.793566 0.469057 0.052879 0.089795
1 0.248587 0.510279 0.072996 0.104185
1 0.913424 0.556604 0.072942 0.114920
