1 0.201512 0.399205 0.054782 0.068691
1 0.791335 0.472720 0.051577 0.090965
1 0.736673 0.564691 0.076636 0.121530
1 0.096020 0.558459 0.080040 0.114657
1 0.864501 0.464328 0.054544 0.089690
1 0.986570 0.485037 0.026860 0.100847
1 0.011478 0.540256 0.022938 0.097797
1 0.430782 0.398045 0.061413 0.084923
1 0.696142 0.388661 0.059087 0.075581
1 0.436436 0.410682 0.061424 0.085791
1 0.296358 0.333088 0.053729 0.073082
1 0.507740 0.675050 0.096841 0.122924
1 0.101763 0.670651 0.074877 0.119270
1 0.648240 0.388445 0.041666 0.069823
1 0.186084 0.597295 0.058680 0.121307
1 0.793990 0.393512 0.058176 0.073590
