1 0.867936 0.741587 0.095901 0.152456
1 0.526410 0.533004 0.043337 0.049389
1 0.180938 0.534268 0.046056 0.061065
1 0.256517 0.502893 0.042589 0.056007
1 0.619133 0.541486 0.054666 0.058609
1 0.578232 0.619121 0.073531 0.130858
1 0.341501 0.487851 0.041492 0.055823
1 0.684735 0.612291 0.055773 0.076779
1 0.189546 0.650417 0.061096 0.099519
1 0.759313 0.734876 0.091165 0.135355
1 0.117701 0.312735 0.084301 0.112751
1 0.470673 0.512496 0.043057 0.044694
1 0.158472 0.595184 0.046050 0.056329
1 0.301732 0.514851 0.038826 0.053335
