1 0.831647 0.657229 0.078552 0.134696
1 0.171767 0.550864 0.050995 0.058539
1 0.522379 0.531816 0.048198 0.047763
1 0.682589 0.607656 0.055334 0.068618
1 0.294316 0.507635 0.039474 0.053187
1 0.563878 0.727070 0.078823 0.107645
1 0.391830 0.503961 0.040596 0.068110
1 0.761249 0.685414 0.064122 0.106053
1 0.616351 0.543544 0.046140 0.056204
1 0.028119 0.699781 0.056238 0.166939
1 0.876006 0.732792 0.086450 0.135104
1 0.339556 0.485953 0.044937 0.048669
1 0.118611 0.312185 0.085659 0.106734
1 0.580834 0.566458 0.043571 0.057816
