1 0.871572 0.744440 0.099624 0.155993
1 0.184633 0.532011 0.042746 0.060412
1 0.526285 0.533250 0.042633 0.049291
1 0.617911 0.542878 0.053758 0.058533
1 0.685779 0.609750 0.056735 0.073384
1 0.471409 0.512016 0.043783 0.043074
1 0.341513 0.486222 0.045044 0.053006
1 0.157687 0.594072 0.044877 0.057829
1 0.191369 0.652766 0.059453 0.096583
1 0.272639 0.504981 0.046397 0.059628
1 0.577129 0.618778 0.065842 0.125594
1 0.112573 0.304566 0.076505 0.121096
1 0.764446 0.732849 0.100335 0.136272
1 0.134300 0.693260 0.065277 0.088551
