1 0.871443 0.738788 0.096815 0.153971
1 0.148084 0.551555 0.050952 0.062019
1 0.664198 0.716835 0.070257 0.102898
1 0.470860 0.512180 0.043539 0.045112
1 0.526019 0.530988 0.043897 0.050844
1 0.582395 0.610899 0.068825 0.117200
1 0.760349 0.666643 0.062197 0.077954
1 0.334690 0.490396 0.052442 0.060635
1 0.412770 0.512545 0.058457 0.072826
1 0.686004 0.611342 0.053600 0.068806
1 0.112446 0.305284 0.079336 0.123551
1 0.618601 0.543888 0.056686 0.056056
1 0.266711 0.505053 0.037500 0.052433
1 0.303146 0.960710 0.251455 0.078580
1 0.292297 0.954337 0.307709 0.091326
