1 0.833149 0.655823 0.080454 0.140471
1 0.338972 0.486977 0.049202 0.057673
1 0.759665 0.696271 0.067115 0.116034
1 0.524955 0.533081 0.042756 0.047043
1 0.286492 0.538431 0.045271 0.069120
1 0.677754 0.708561 0.082652 0.119034
1 0.686343 0.611747 0.052601 0.069961
1 0.885745 0.734092 0.083889 0.135806
1 0.459107 0.515668 0.038580 0.050378
1 0.571006 0.569317 0.038855 0.055362
1 0.563552 0.732321 0.066892 0.094752
1 0.387272 0.491180 0.035854 0.053485
1 0.161473 0.573207 0.062314 0.078633
1 0.202377 0.571147 0.048641 0.079529
