1 0.868460 0.743813 0.099713 0.150566
1 0.179950 0.532342 0.044329 0.060343
1 0.344026 0.489769 0.047342 0.062039
1 0.526924 0.533859 0.040748 0.050019
1 0.267873 0.507434 0.041765 0.063328
1 0.191681 0.653636 0.059715 0.094757
1 0.132762 0.693317 0.062650 0.087502
1 0.114511 0.312368 0.075554 0.106735
1 0.617598 0.545746 0.054889 0.058261
1 0.159111 0.593089 0.047079 0.056896
1 0.683869 0.610188 0.052811 0.073335
1 0.471837 0.514813 0.042756 0.044587
1 0.422321 0.508475 0.044788 0.062599
1 0.301567 0.515393 0.038590 0.060887
