1 0.869385 0.744753 0.100965 0.152319
1 0.179755 0.531821 0.044229 0.060256
1 0.526768 0.533861 0.041439 0.049060
1 0.344048 0.488909 0.046276 0.060418
1 0.133411 0.692909 0.063472 0.089480
1 0.471635 0.514218 0.042197 0.044383
1 0.191276 0.653464 0.060400 0.098750
1 0.267144 0.506986 0.040213 0.064110
1 0.111610 0.316914 0.071047 0.100316
1 0.422685 0.507332 0.043247 0.061562
1 0.616912 0.544112 0.053435 0.056282
1 0.762524 0.732991 0.098688 0.138247
1 0.159906 0.594159 0.048185 0.057475
1 0.683995 0.610852 0.051890 0.073191
1 0.484407 0.609763 0.049469 0.083793
