1 0.834357 0.657306 0.082712 0.142687
1 0.524102 0.533294 0.044793 0.048003
1 0.338793 0.488704 0.053277 0.060437
1 0.760066 0.694933 0.066564 0.114932
1 0.564239 0.730303 0.069355 0.098643
1 0.285594 0.542170 0.042805 0.073332
1 0.172615 0.552230 0.053844 0.061956
1 0.570711 0.568491 0.038960 0.054682
1 0.883751 0.731856 0.087036 0.133876
1 0.227572 0.571758 0.051108 0.071324
1 0.459465 0.516100 0.039571 0.053331
1 0.686230 0.612664 0.053964 0.072116
1 0.242780 0.501940 0.040425 0.049075
1 0.667774 0.886464 0.085731 0.122213
1 0.168898 0.561106 0.065629 0.073304
