1 0.872123 0.738850 0.099483 0.155714
1 0.140636 0.551874 0.050863 0.062159
1 0.666292 0.718799 0.066500 0.097977
1 0.526941 0.530414 0.042361 0.048301
1 0.470995 0.512767 0.042179 0.045299
1 0.686322 0.608924 0.053619 0.070397
1 0.421856 0.512597 0.044056 0.069086
1 0.341200 0.488890 0.044896 0.054410
1 0.618719 0.541139 0.057152 0.053646
1 0.111183 0.306626 0.073777 0.122423
1 0.761640 0.667765 0.059928 0.067041
1 0.382679 0.498565 0.033697 0.061499
1 0.676105 0.867493 0.095193 0.101149
1 0.568218 0.756270 0.079518 0.090127
1 0.759096 0.734668 0.088120 0.113197
1 0.263870 0.505743 0.038159 0.052789
