1 0.856278 0.738357 0.094781 0.144960
1 0.526580 0.532219 0.042499 0.048943
1 0.341876 0.483911 0.043599 0.049258
1 0.470909 0.510985 0.043015 0.044595
1 0.114932 0.302551 0.080023 0.124170
1 0.687396 0.610227 0.056530 0.073711
1 0.620278 0.540993 0.056849 0.058037
1 0.247169 0.505257 0.044186 0.058213
1 0.174864 0.530901 0.043578 0.054731
1 0.161219 0.589555 0.052592 0.062547
1 0.305913 0.514644 0.036779 0.053030
1 0.033299 0.704587 0.066216 0.165591
1 0.482119 0.610170 0.046776 0.081504
1 0.583043 0.617158 0.066533 0.124277
