1 0.872473 0.738233 0.097389 0.154128
1 0.156338 0.592241 0.051112 0.062533
1 0.526859 0.531455 0.042437 0.048039
1 0.344085 0.489831 0.044934 0.059156
1 0.472103 0.512441 0.044037 0.044998
1 0.260702 0.505409 0.045944 0.059337
1 0.574629 0.562651 0.036861 0.056234
1 0.686886 0.613513 0.056283 0.073728
1 0.674663 0.869263 0.096976 0.105474
1 0.613629 0.540413 0.045324 0.049932
1 0.113564 0.306264 0.078398 0.118034
1 0.761626 0.729288 0.110185 0.151561
1 0.306913 0.522419 0.040828 0.062315
1 0.031608 0.586329 0.063170 0.090031
