1 0.866615 0.742129 0.095797 0.152304
1 0.526362 0.532602 0.043323 0.049564
1 0.180623 0.534121 0.046488 0.061047
1 0.249147 0.503099 0.043220 0.054719
1 0.116948 0.303620 0.081847 0.124397
1 0.341790 0.487090 0.043163 0.055477
1 0.619177 0.542095 0.054688 0.058517
1 0.684390 0.612669 0.055427 0.076007
1 0.189218 0.651552 0.062235 0.102284
1 0.578420 0.619714 0.073239 0.129796
1 0.470654 0.512464 0.043817 0.045563
1 0.759427 0.736300 0.091679 0.136112
1 0.301366 0.515569 0.041317 0.052567
1 0.134461 0.692229 0.064209 0.091879
1 0.158812 0.594951 0.046727 0.057130
