1 0.833308 0.656360 0.081080 0.142480
1 0.524672 0.533455 0.043989 0.047604
1 0.760542 0.696111 0.067170 0.114966
1 0.339060 0.488134 0.052274 0.059450
1 0.286461 0.540272 0.043242 0.071760
1 0.564393 0.731432 0.068437 0.096456
1 0.886311 0.730870 0.082179 0.131312
1 0.459311 0.514969 0.039254 0.051346
1 0.216810 0.572143 0.045336 0.073047
1 0.570913 0.567679 0.038406 0.053331
1 0.171214 0.550418 0.045952 0.053056
1 0.667760 0.886461 0.085536 0.119115
1 0.240761 0.501821 0.039445 0.049597
1 0.685793 0.612548 0.053530 0.071502
1 0.164704 0.573230 0.063408 0.078474
