1 0.871252 0.744152 0.100053 0.156334
1 0.526261 0.532722 0.042318 0.049212
1 0.184356 0.531760 0.042144 0.059919
1 0.471242 0.511782 0.043448 0.043125
1 0.618589 0.542306 0.053191 0.058122
1 0.685557 0.609107 0.055819 0.072294
1 0.342235 0.487011 0.043891 0.055785
1 0.272157 0.504820 0.044913 0.058717
1 0.191823 0.653225 0.058115 0.096790
1 0.576477 0.620406 0.066418 0.125610
1 0.157947 0.594385 0.042751 0.056256
1 0.135599 0.694204 0.065398 0.088711
1 0.762061 0.734975 0.096003 0.138682
1 0.112739 0.303816 0.077304 0.122422
