1 0.148337 0.550699 0.050149 0.061312
1 0.871633 0.740636 0.096522 0.156885
1 0.664394 0.716308 0.070029 0.103711
1 0.471099 0.512027 0.043768 0.044351
1 0.759462 0.665506 0.063254 0.079157
1 0.525238 0.531886 0.044762 0.051958
1 0.580123 0.610033 0.066731 0.116809
1 0.334293 0.487746 0.052732 0.055995
1 0.111710 0.304701 0.073143 0.122805
1 0.619117 0.544625 0.056637 0.056555
1 0.685300 0.611101 0.052706 0.069358
1 0.418256 0.512769 0.049070 0.068367
1 0.284645 0.955209 0.311158 0.089582
1 0.137623 0.696932 0.062726 0.084658
