1 0.860813 0.736956 0.095739 0.147181
1 0.526207 0.532971 0.044202 0.050111
1 0.242615 0.504423 0.041945 0.055591
1 0.112705 0.304045 0.078585 0.125547
1 0.342632 0.486797 0.043240 0.057655
1 0.686460 0.611122 0.057923 0.077525
1 0.470666 0.511833 0.043967 0.046527
1 0.616404 0.541913 0.050318 0.056236
1 0.304443 0.514516 0.039198 0.054373
1 0.180190 0.533262 0.046758 0.061339
1 0.187621 0.650434 0.060592 0.101118
1 0.161256 0.592963 0.046518 0.057834
1 0.297952 0.516769 0.048138 0.053067
1 0.580286 0.615609 0.071921 0.128598
1 0.759329 0.736682 0.092752 0.136688
1 0.134168 0.692317 0.063306 0.090226
1 0.288063 0.517410 0.040456 0.053362
