1 0.869722 0.744315 0.100002 0.152298
1 0.179199 0.532485 0.043558 0.060995
1 0.525794 0.532845 0.043199 0.047806
1 0.471768 0.512044 0.043019 0.045654
1 0.343714 0.489830 0.047281 0.061782
1 0.260657 0.509115 0.048235 0.067524
1 0.132902 0.693164 0.063164 0.088145
1 0.422966 0.508646 0.042367 0.060597
1 0.191588 0.652798 0.059517 0.096558
1 0.111067 0.306264 0.072323 0.120681
1 0.616423 0.544211 0.051526 0.055047
1 0.761688 0.733066 0.099200 0.140919
1 0.683803 0.611396 0.052329 0.075484
1 0.158568 0.592471 0.046540 0.058196
1 0.392110 0.500651 0.036636 0.058276
1 0.303167 0.518357 0.037807 0.064007
