1 0.872865 0.737141 0.097772 0.152844
1 0.108211 0.554731 0.049539 0.069376
1 0.525879 0.530715 0.041880 0.048013
1 0.471240 0.513198 0.042719 0.046451
1 0.158453 0.593703 0.051541 0.062552
1 0.111530 0.305126 0.077993 0.123563
1 0.341841 0.489309 0.037373 0.049982
1 0.422803 0.514084 0.043773 0.065981
1 0.348421 0.529321 0.049230 0.092640
1 0.687973 0.613205 0.058477 0.074891
1 0.569050 0.749425 0.082668 0.104446
1 0.665589 0.721215 0.072942 0.096495
1 0.762722 0.724603 0.090499 0.139453
1 0.675775 0.866352 0.093847 0.099258
