1 0.868207 0.741578 0.096845 0.151771
1 0.526347 0.533998 0.041055 0.050271
1 0.156283 0.591517 0.045357 0.059613
1 0.471691 0.512702 0.043161 0.044254
1 0.183020 0.533064 0.043045 0.058165
1 0.341322 0.487163 0.043011 0.055762
1 0.617349 0.545859 0.054895 0.055622
1 0.579825 0.619985 0.073072 0.131166
1 0.192251 0.652546 0.059109 0.097262
1 0.115892 0.306897 0.084424 0.116113
1 0.270522 0.505044 0.042526 0.056826
1 0.135981 0.694569 0.065336 0.086969
1 0.685627 0.612506 0.058612 0.071848
1 0.762506 0.730985 0.094469 0.139061
