1 0.868209 0.741365 0.097213 0.150615
1 0.526325 0.533820 0.040800 0.050154
1 0.183268 0.533058 0.043003 0.059444
1 0.616068 0.544882 0.053337 0.054786
1 0.341304 0.488134 0.039998 0.055312
1 0.471656 0.512647 0.042764 0.044107
1 0.156852 0.591597 0.044073 0.060008
1 0.579797 0.618975 0.074149 0.133158
1 0.117025 0.308297 0.083079 0.112753
1 0.270320 0.504399 0.041362 0.056756
1 0.192610 0.651419 0.059630 0.099873
1 0.685853 0.612612 0.058033 0.073387
1 0.761666 0.730719 0.094798 0.137997
1 0.306271 0.518592 0.033861 0.057395
