1 0.869808 0.743932 0.100676 0.151920
1 0.179337 0.532671 0.044388 0.060846
1 0.525531 0.532972 0.043105 0.048222
1 0.471745 0.513116 0.042296 0.044913
1 0.264847 0.508874 0.044988 0.067235
1 0.343768 0.490838 0.048639 0.063991
1 0.133335 0.692915 0.062864 0.087730
1 0.617197 0.543831 0.051975 0.056279
1 0.422441 0.507534 0.044230 0.062687
1 0.191802 0.652940 0.059777 0.096585
1 0.683666 0.610801 0.052412 0.075359
1 0.761886 0.732900 0.099525 0.140882
1 0.109949 0.315186 0.070636 0.103462
1 0.302925 0.516429 0.037756 0.062746
1 0.159168 0.593208 0.048024 0.056872
1 0.027513 0.686852 0.055025 0.147114
