1 0.123569 0.555157 0.048362 0.063717
1 0.871828 0.738191 0.097989 0.153551
1 0.526375 0.530918 0.042773 0.047392
1 0.471154 0.512255 0.044095 0.047240
1 0.665547 0.719201 0.069602 0.098264
1 0.111201 0.305297 0.074468 0.124007
1 0.568331 0.749120 0.080882 0.101165
1 0.341212 0.488454 0.040439 0.050986
1 0.158279 0.590921 0.049137 0.058299
1 0.687041 0.610478 0.056144 0.071373
1 0.761122 0.729244 0.090770 0.130925
1 0.421293 0.513756 0.045309 0.070745
1 0.264003 0.504652 0.039966 0.055928
1 0.381706 0.496083 0.032924 0.058273
