1 0.870459 0.744293 0.100851 0.157781
1 0.184552 0.532502 0.042370 0.060557
1 0.526887 0.533931 0.041861 0.049231
1 0.686189 0.609613 0.057704 0.073964
1 0.471492 0.511307 0.043487 0.044003
1 0.617253 0.542390 0.055499 0.057779
1 0.342378 0.486146 0.043884 0.052712
1 0.272069 0.504168 0.043345 0.058192
1 0.157471 0.595416 0.043954 0.056727
1 0.112047 0.304395 0.075102 0.120994
1 0.193301 0.654044 0.058461 0.099473
1 0.134357 0.693633 0.063595 0.087578
1 0.761588 0.733477 0.096825 0.138000
1 0.576942 0.623418 0.068733 0.129944
