1 0.833093 0.654190 0.088400 0.135337
1 0.758516 0.691781 0.067229 0.107780
1 0.150117 0.592323 0.045579 0.066039
1 0.189373 0.568868 0.046951 0.056510
1 0.112598 0.307029 0.079943 0.119625
1 0.524607 0.534069 0.041184 0.051541
1 0.617561 0.545197 0.050877 0.057456
1 0.371069 0.492837 0.036189 0.047948
1 0.471690 0.516074 0.035605 0.053686
1 0.332894 0.489629 0.036824 0.055307
1 0.410421 0.500086 0.036043 0.046085
1 0.135203 0.698041 0.061232 0.085102
1 0.865961 0.740296 0.096342 0.134909
1 0.027857 0.699115 0.055598 0.168326
