1 0.831542 0.655519 0.084625 0.135998
1 0.752887 0.679165 0.068349 0.105897
1 0.680607 0.696415 0.074227 0.117690
1 0.186154 0.569564 0.054856 0.062521
1 0.524464 0.533256 0.039576 0.047906
1 0.329379 0.492969 0.035166 0.058008
1 0.119060 0.317517 0.082968 0.102494
1 0.614183 0.545908 0.053669 0.061836
1 0.399070 0.506308 0.046306 0.065347
1 0.180308 0.576234 0.064655 0.073670
1 0.296323 0.503965 0.037822 0.058433
1 0.394517 0.501300 0.039359 0.057555
1 0.560501 0.704349 0.062501 0.118185
1 0.868192 0.735428 0.094017 0.140184
