1 0.871313 0.739148 0.098691 0.153370
1 0.134098 0.554397 0.050788 0.064408
1 0.526436 0.530327 0.042260 0.047815
1 0.470930 0.512020 0.043840 0.046493
1 0.666956 0.719152 0.066596 0.099959
1 0.111775 0.305801 0.074264 0.123195
1 0.687322 0.609638 0.056806 0.071587
1 0.343236 0.488607 0.042850 0.051298
1 0.761502 0.735404 0.088800 0.116168
1 0.263193 0.505157 0.038709 0.055221
1 0.567712 0.754773 0.080246 0.090884
1 0.617233 0.540633 0.054798 0.052265
1 0.761382 0.668550 0.058541 0.064084
1 0.675245 0.866900 0.094438 0.101316
