1 0.861520 0.739539 0.094520 0.147040
1 0.526325 0.532754 0.044254 0.050007
1 0.242316 0.505208 0.040162 0.054446
1 0.342272 0.487739 0.043462 0.058245
1 0.470437 0.511915 0.044416 0.046253
1 0.160302 0.593651 0.045301 0.055820
1 0.618196 0.540978 0.052953 0.055808
1 0.188314 0.652214 0.059555 0.103703
1 0.179951 0.532474 0.044774 0.060914
1 0.686375 0.611944 0.057208 0.075218
1 0.113916 0.303668 0.081621 0.124998
1 0.305088 0.515404 0.038822 0.053750
1 0.759152 0.736290 0.092372 0.137148
1 0.298309 0.517531 0.046148 0.052720
1 0.134270 0.692588 0.063554 0.092208
1 0.579101 0.620615 0.073573 0.127962
1 0.287668 0.518219 0.037795 0.052940
