1 0.868787 0.743138 0.098116 0.154651
1 0.526554 0.533584 0.042453 0.049391
1 0.180354 0.532326 0.043759 0.058351
1 0.343316 0.493124 0.049607 0.065516
1 0.616278 0.542956 0.054115 0.056512
1 0.135926 0.695201 0.065238 0.086502
1 0.156908 0.592025 0.045559 0.058038
1 0.193340 0.653840 0.058641 0.097124
1 0.471162 0.513579 0.041191 0.044014
1 0.268346 0.505136 0.041816 0.058349
1 0.686444 0.608813 0.056124 0.070163
1 0.115868 0.307240 0.084639 0.118363
1 0.761346 0.730834 0.094456 0.136515
1 0.665508 0.876767 0.119312 0.112232
