1 0.832380 0.657516 0.080548 0.136994
1 0.171869 0.553060 0.054097 0.058935
1 0.524734 0.532000 0.044309 0.048549
1 0.759454 0.684887 0.065984 0.102651
1 0.340648 0.488192 0.048208 0.055703
1 0.280006 0.508013 0.038142 0.052873
1 0.563386 0.728311 0.077652 0.106777
1 0.685065 0.609212 0.058136 0.074817
1 0.114359 0.306459 0.077421 0.119524
1 0.135898 0.693378 0.064775 0.092911
1 0.617861 0.547868 0.051120 0.059287
1 0.393243 0.497911 0.039157 0.050914
1 0.037090 0.727377 0.073943 0.219743
1 0.877095 0.734844 0.085247 0.137245
1 0.395974 0.518203 0.044181 0.070909
