1 0.863086 0.741417 0.094118 0.150130
1 0.526519 0.532411 0.043435 0.050495
1 0.180575 0.533507 0.044791 0.060894
1 0.342301 0.486982 0.043144 0.055178
1 0.620769 0.541156 0.056490 0.056713
1 0.577779 0.619927 0.073976 0.131435
1 0.243503 0.503488 0.039450 0.053278
1 0.116551 0.305110 0.083351 0.122018
1 0.159480 0.593376 0.045013 0.055286
1 0.470568 0.512018 0.043829 0.045223
1 0.187956 0.651390 0.061204 0.101256
1 0.684911 0.611598 0.055341 0.076078
1 0.759406 0.736699 0.091927 0.136699
1 0.303929 0.515637 0.039727 0.052254
1 0.297081 0.517978 0.046340 0.051632
1 0.134102 0.691925 0.065273 0.090476
1 0.289308 0.518866 0.039582 0.052219
