1 0.865108 0.740598 0.094026 0.148865
1 0.526596 0.532666 0.042971 0.049916
1 0.245804 0.502079 0.042843 0.055390
1 0.117104 0.304662 0.082260 0.123036
1 0.180844 0.534272 0.046230 0.062304
1 0.620101 0.541436 0.055512 0.057677
1 0.342706 0.487436 0.043717 0.055755
1 0.158265 0.593151 0.045618 0.056053
1 0.188988 0.651963 0.061615 0.102075
1 0.684114 0.612854 0.054229 0.076474
1 0.578245 0.620222 0.073010 0.129753
1 0.470709 0.512362 0.043503 0.044937
1 0.297276 0.517332 0.046142 0.052570
1 0.759613 0.735879 0.091751 0.135816
