1 0.855017 0.738749 0.093416 0.150776
1 0.526842 0.532948 0.042026 0.049451
1 0.245125 0.505548 0.043466 0.058552
1 0.341881 0.486847 0.042397 0.055573
1 0.177531 0.533024 0.043729 0.058064
1 0.470890 0.511193 0.042690 0.045306
1 0.113625 0.302274 0.078830 0.125692
1 0.619092 0.540433 0.055570 0.057138
1 0.160954 0.592013 0.048830 0.060822
1 0.686859 0.611309 0.057932 0.074876
1 0.027626 0.703481 0.055252 0.162099
1 0.306367 0.516056 0.036048 0.053522
1 0.482076 0.609969 0.045912 0.080519
1 0.761159 0.738189 0.092569 0.136298
