1 0.871372 0.743262 0.097699 0.154494
1 0.184055 0.531780 0.042819 0.059795
1 0.526799 0.533209 0.041537 0.049302
1 0.618985 0.542887 0.053875 0.057656
1 0.342239 0.486945 0.043062 0.055580
1 0.471579 0.512178 0.043680 0.043138
1 0.685107 0.610585 0.055216 0.073581
1 0.271763 0.503123 0.044186 0.056841
1 0.576363 0.619041 0.066913 0.131304
1 0.192167 0.652559 0.057788 0.094842
1 0.157548 0.592974 0.044059 0.057368
1 0.761586 0.735854 0.095856 0.139211
1 0.113213 0.306444 0.077363 0.115614
1 0.135598 0.694095 0.064900 0.088276
