1 0.871920 0.737796 0.098479 0.155700
1 0.115266 0.556100 0.049488 0.066077
1 0.525918 0.530570 0.042327 0.048181
1 0.471380 0.512492 0.042752 0.045535
1 0.112065 0.305422 0.075664 0.125112
1 0.666468 0.720021 0.068518 0.095831
1 0.160159 0.592995 0.046963 0.058301
1 0.344115 0.490271 0.041087 0.051098
1 0.420846 0.513658 0.045306 0.069406
1 0.687233 0.611523 0.057920 0.073267
1 0.567581 0.749300 0.082235 0.105086
1 0.349677 0.527879 0.049707 0.086556
1 0.761976 0.725806 0.091062 0.138735
1 0.675967 0.867304 0.095220 0.100207
1 0.289520 0.949976 0.298209 0.100049
