1 0.868761 0.741302 0.095688 0.149951
1 0.526475 0.533137 0.042128 0.049618
1 0.341663 0.485754 0.041061 0.053414
1 0.616766 0.545343 0.054206 0.055909
1 0.471444 0.512087 0.043577 0.044788
1 0.183152 0.532782 0.045258 0.062847
1 0.687204 0.611733 0.059405 0.074495
1 0.271819 0.504924 0.043343 0.057800
1 0.111514 0.302820 0.076384 0.123215
1 0.192952 0.651985 0.057301 0.096492
1 0.763850 0.730655 0.099272 0.140404
1 0.133737 0.694081 0.065262 0.087424
1 0.157714 0.593417 0.042106 0.056008
1 0.577083 0.619921 0.070055 0.133074
