1 0.841600 0.656564 0.095308 0.140600
1 0.146064 0.549324 0.048121 0.067776
1 0.751152 0.701522 0.072239 0.105551
1 0.619044 0.541282 0.053969 0.056642
1 0.336244 0.488209 0.051882 0.058383
1 0.666343 0.705092 0.076350 0.103880
1 0.520898 0.535565 0.049282 0.053098
1 0.460135 0.515666 0.040219 0.055059
1 0.248698 0.507164 0.041411 0.055209
1 0.684598 0.609375 0.048159 0.066541
1 0.135634 0.692325 0.065768 0.092568
1 0.288054 0.535806 0.038966 0.061368
1 0.668182 0.884442 0.087184 0.119238
1 0.416823 0.516846 0.043489 0.071422
