1 0.227544 0.423250 0.088369 0.119701
1 0.120402 0.275147 0.054210 0.076602
1 0.370168 0.295620 0.066189 0.079453
1 0.345962 0.249102 0.053763 0.066117
1 0.309896 0.190973 0.032292 0.043056
1 0.333333 0.176389 0.035417 0.041667
1 0.484279 0.161961 0.042504 0.051910
1 0.497175 0.207137 0.050079 0.061186
1 0.531178 0.166651 0.040243 0.049751
1 0.574815 0.197625 0.042061 0.055988
1 0.572917 0.618750 0.125000 0.193056
1 0.788542 0.294444 0.066667 0.075000
1 0.610417 0.209722 0.033333 0.038889
1 0.725521 0.363194 0.107292 0.145833
