1 0.217127 0.410750 0.088369 0.119701
1 0.163111 0.293203 0.054210 0.076602
1 0.370168 0.295620 0.066189 0.079453
1 0.345962 0.249102 0.053763 0.066117
1 0.309896 0.190973 0.032292 0.043056
1 0.333333 0.176389 0.035417 0.041667
1 0.474904 0.161961 0.042504 0.051910
1 0.497175 0.207137 0.050079 0.061186
1 0.538470 0.168040 0.040243 0.049751
1 0.572732 0.196236 0.042061 0.055988
1 0.579167 0.628472 0.125000 0.193056
1 0.788542 0.294444 0.066667 0.075000
1 0.610417 0.203472 0.029167 0.037500
1 0.705729 0.361112 0.092708 0.166667
