1 0.230669 0.419083 0.088369 0.119701
1 0.112068 0.280703 0.054210 0.076602
1 0.370168 0.295620 0.066189 0.079453
1 0.353254 0.249102 0.053763 0.066117
1 0.309896 0.185417 0.032292 0.043056
1 0.333333 0.172222 0.035417 0.041667
1 0.483237 0.161961 0.042504 0.051910
1 0.484675 0.207137 0.050079 0.061186
1 0.530137 0.169429 0.040243 0.049751
1 0.576898 0.200402 0.042061 0.055988
1 0.579167 0.628472 0.125000 0.193056
1 0.788542 0.294444 0.066667 0.075000
1 0.613542 0.202083 0.029167 0.037500
1 0.668750 0.359722 0.095833 0.152778
