1 0.668772 0.850592 0.097027 0.132613
1 0.245204 0.917265 0.164184 0.162402
1 0.552194 0.507827 0.044242 0.050729
1 0.547344 0.737727 0.093096 0.109908
1 0.421210 0.513637 0.043346 0.059169
1 0.470651 0.518607 0.042973 0.056342
1 0.424849 0.761706 0.092590 0.093565
1 0.121156 0.320667 0.086351 0.103914
1 0.618741 0.525328 0.054506 0.060849
1 0.155514 0.591300 0.046937 0.065346
1 0.191629 0.583374 0.052736 0.059090
1 0.509545 0.513387 0.034546 0.044405
1 0.294907 0.525665 0.043964 0.049127
1 0.379367 0.506141 0.047584 0.056281
1 0.294588 0.533740 0.048088 0.063701
1 0.168495 0.588057 0.068878 0.066127
