1 0.566276 0.740548 0.089585 0.112551
1 0.681653 0.871739 0.092136 0.123716
1 0.428707 0.743203 0.079981 0.093479
1 0.181481 0.583612 0.066980 0.069750
1 0.577824 0.508625 0.044096 0.049660
1 0.353940 0.508748 0.038878 0.047923
1 0.464421 0.514260 0.047526 0.053358
1 0.612093 0.516332 0.040652 0.051016
1 0.121553 0.318309 0.090029 0.100810
1 0.514704 0.556690 0.046783 0.059814
1 0.198121 0.922334 0.139377 0.154261
1 0.015562 0.612512 0.031125 0.123042
1 0.335315 0.939001 0.090759 0.121998
1 0.665345 0.621368 0.058607 0.076169
1 0.176761 0.911945 0.083911 0.134211
