1 0.554512 0.724648 0.092053 0.116537
1 0.608994 0.526907 0.046435 0.057181
1 0.669737 0.847731 0.093035 0.129067
1 0.552651 0.507150 0.045610 0.048646
1 0.422504 0.512925 0.042119 0.053869
1 0.423310 0.761722 0.095389 0.093280
1 0.145493 0.593252 0.043920 0.058143
1 0.191624 0.580642 0.050188 0.054376
1 0.308326 0.509970 0.050806 0.057233
1 0.384453 0.510232 0.036752 0.052654
1 0.469992 0.518004 0.041676 0.052489
1 0.117899 0.318214 0.078632 0.101798
1 0.356180 0.509918 0.034679 0.051669
1 0.195359 0.924520 0.113651 0.145423
1 0.508714 0.511463 0.031753 0.043036
1 0.189057 0.640074 0.073488 0.121623
