1 0.565701 0.741717 0.092493 0.116078
1 0.695222 0.608224 0.058828 0.087958
1 0.684534 0.851131 0.104592 0.144637
1 0.181999 0.583850 0.068057 0.071043
1 0.565917 0.512115 0.045620 0.048011
1 0.428280 0.748241 0.079692 0.094464
1 0.612056 0.523341 0.043982 0.054250
1 0.459611 0.527218 0.056906 0.074824
1 0.122458 0.320378 0.088129 0.098990
1 0.293103 0.522497 0.048144 0.053981
1 0.353662 0.511426 0.040495 0.051952
1 0.510477 0.557006 0.041172 0.057397
1 0.223149 0.924650 0.168819 0.150676
1 0.634004 0.595245 0.059384 0.059633
