1 0.550499 0.735596 0.095249 0.108553
1 0.669848 0.849992 0.099926 0.133991
1 0.551474 0.508089 0.044929 0.051114
1 0.425443 0.761518 0.091061 0.091936
1 0.244549 0.915847 0.158743 0.166984
1 0.420423 0.512737 0.043137 0.058240
1 0.470484 0.518179 0.041786 0.054291
1 0.618535 0.524342 0.053591 0.061343
1 0.380988 0.503906 0.046270 0.055604
1 0.156509 0.590708 0.049392 0.067123
1 0.508250 0.512502 0.032232 0.044097
1 0.118225 0.316074 0.082229 0.108990
1 0.294926 0.525191 0.045999 0.050383
1 0.186243 0.585936 0.062378 0.067005
1 0.168783 0.588170 0.070899 0.070013
