1 0.669045 0.849013 0.097551 0.131601
1 0.552880 0.507217 0.040833 0.048977
1 0.471792 0.519026 0.044821 0.056192
1 0.546810 0.737682 0.092543 0.109682
1 0.421372 0.514944 0.043545 0.059878
1 0.121599 0.318928 0.086357 0.104180
1 0.425043 0.762055 0.091432 0.091855
1 0.214169 0.908464 0.097592 0.148490
1 0.155346 0.591548 0.049497 0.066386
1 0.192255 0.585125 0.053531 0.062390
1 0.514469 0.510554 0.034712 0.042584
1 0.619459 0.525483 0.053913 0.060405
1 0.380591 0.506514 0.045670 0.056216
1 0.168199 0.588921 0.072223 0.068068
1 0.296534 0.525316 0.043439 0.049166
