1 0.546741 0.736643 0.092923 0.108902
1 0.245714 0.913183 0.147734 0.162543
1 0.669118 0.843552 0.095674 0.128752
1 0.426087 0.746573 0.078433 0.088968
1 0.422131 0.513873 0.041602 0.054926
1 0.618326 0.525551 0.051769 0.059940
1 0.193028 0.578463 0.044522 0.049048
1 0.315405 0.505350 0.041216 0.047506
1 0.117175 0.306264 0.084489 0.123499
1 0.150544 0.597167 0.045940 0.066097
1 0.475346 0.522579 0.044202 0.057178
1 0.016150 0.622732 0.032299 0.101954
1 0.665847 0.623771 0.049490 0.068074
1 0.362425 0.504867 0.040856 0.048826
