1 0.552881 0.732740 0.099087 0.110339
1 0.703180 0.821205 0.106790 0.151210
1 0.235199 0.916061 0.127117 0.159241
1 0.564952 0.507578 0.046578 0.048578
1 0.616764 0.526999 0.049224 0.059572
1 0.319064 0.513942 0.053149 0.052271
1 0.407842 0.743591 0.085976 0.091274
1 0.378400 0.506520 0.046499 0.058321
1 0.479041 0.484669 0.037674 0.041950
1 0.522052 0.581137 0.046388 0.077112
1 0.417132 0.511008 0.036480 0.056220
1 0.167237 0.593246 0.067727 0.072755
1 0.118746 0.313197 0.084664 0.111613
1 0.183242 0.588623 0.069212 0.072631
1 0.157965 0.595375 0.050666 0.069599
