1 0.565962 0.742052 0.092226 0.114479
1 0.682131 0.872344 0.093285 0.124958
1 0.429459 0.743452 0.079720 0.092220
1 0.182019 0.582653 0.069524 0.070447
1 0.575806 0.509194 0.045651 0.051163
1 0.208671 0.923329 0.159768 0.153343
1 0.353679 0.509114 0.037333 0.047639
1 0.119813 0.313435 0.089996 0.112027
1 0.295250 0.527194 0.053179 0.058539
1 0.611228 0.519936 0.042775 0.054557
1 0.333102 0.939037 0.092128 0.121738
1 0.463908 0.504287 0.044839 0.050147
1 0.015239 0.613981 0.030375 0.117672
1 0.514866 0.555894 0.048445 0.061291
