1 0.668621 0.849036 0.096786 0.131713
1 0.120901 0.319779 0.085525 0.101363
1 0.554276 0.505350 0.040617 0.048215
1 0.297486 0.523576 0.042530 0.046199
1 0.421761 0.513519 0.043747 0.058334
1 0.546625 0.737325 0.090984 0.108785
1 0.471041 0.518647 0.043755 0.055542
1 0.424449 0.761689 0.089678 0.091342
1 0.216499 0.909338 0.101491 0.150071
1 0.154900 0.591159 0.048390 0.067090
1 0.192135 0.584228 0.052829 0.060845
1 0.378493 0.505449 0.048260 0.054275
1 0.515183 0.500110 0.036720 0.046033
1 0.008148 0.799034 0.016297 0.135380
1 0.012069 0.615105 0.024139 0.112745
