1 0.681569 0.866169 0.100786 0.133139
1 0.570693 0.740436 0.090941 0.121027
1 0.553102 0.508525 0.048766 0.052587
1 0.287947 0.540301 0.055959 0.075586
1 0.613624 0.523993 0.051344 0.057253
1 0.428976 0.744385 0.079460 0.092731
1 0.465134 0.511542 0.048066 0.055976
1 0.353775 0.514054 0.054945 0.062855
1 0.215743 0.923620 0.168380 0.152504
1 0.342103 0.933757 0.122840 0.131475
1 0.125510 0.320589 0.088716 0.094134
1 0.182286 0.586976 0.072318 0.069817
1 0.256127 0.936589 0.091765 0.126822
1 0.512227 0.553593 0.039962 0.058523
