1 0.563817 0.719359 0.090048 0.124313
1 0.557834 0.509114 0.046188 0.047410
1 0.667030 0.861440 0.091097 0.131919
1 0.129335 0.564651 0.048048 0.070345
1 0.649593 0.514351 0.044130 0.052745
1 0.426554 0.514327 0.047964 0.063096
1 0.437469 0.718006 0.089366 0.107408
1 0.184704 0.582333 0.058191 0.068249
1 0.611896 0.523310 0.044718 0.051552
1 0.120552 0.320859 0.085907 0.099183
1 0.476390 0.522255 0.046769 0.058045
1 0.171040 0.915572 0.084099 0.143202
1 0.382712 0.495886 0.037174 0.051089
1 0.352797 0.507279 0.035903 0.044890
