1 0.553080 0.732190 0.095016 0.115656
1 0.682288 0.838302 0.108233 0.148988
1 0.557908 0.513553 0.043200 0.049952
1 0.412778 0.751179 0.084978 0.099480
1 0.290881 0.533796 0.054622 0.069263
1 0.467264 0.518686 0.044194 0.057901
1 0.517366 0.499443 0.039428 0.043281
1 0.121867 0.313850 0.087517 0.112086
1 0.259780 0.912961 0.149115 0.151189
1 0.621906 0.529223 0.056756 0.058020
1 0.360749 0.501412 0.047257 0.060800
1 0.416922 0.511870 0.049115 0.065238
1 0.177956 0.591177 0.076959 0.071597
1 0.375898 0.946165 0.069183 0.084833
