1 0.552633 0.731358 0.089010 0.108528
1 0.246346 0.917268 0.158670 0.163396
1 0.670069 0.849681 0.096376 0.130261
1 0.550528 0.505287 0.045257 0.050021
1 0.615145 0.527119 0.048946 0.058779
1 0.425164 0.757657 0.095435 0.101142
1 0.352100 0.498701 0.039309 0.048424
1 0.418789 0.511006 0.046534 0.055564
1 0.123555 0.323000 0.087402 0.097426
1 0.191594 0.582039 0.050412 0.059784
1 0.156966 0.591349 0.044265 0.064404
1 0.294655 0.529994 0.045870 0.057139
1 0.170311 0.587426 0.067138 0.067574
1 0.471109 0.517616 0.041924 0.051890
