1 0.669555 0.850481 0.098863 0.131721
1 0.552692 0.507812 0.042628 0.050608
1 0.121170 0.320410 0.085857 0.101610
1 0.546719 0.736756 0.092638 0.111131
1 0.421042 0.514700 0.043101 0.059782
1 0.471339 0.519300 0.043530 0.055401
1 0.232452 0.914444 0.138959 0.161519
1 0.424984 0.762048 0.092950 0.093384
1 0.192542 0.583423 0.052218 0.059408
1 0.619352 0.526178 0.055360 0.060515
1 0.154239 0.592457 0.045619 0.063134
1 0.512070 0.512217 0.034985 0.042693
1 0.294834 0.524949 0.042876 0.047828
1 0.380057 0.506690 0.046590 0.055991
1 0.337987 0.543321 0.037474 0.062894
