1 0.552873 0.730847 0.096153 0.120658
1 0.680159 0.839341 0.104279 0.141251
1 0.518907 0.490852 0.043309 0.046317
1 0.410945 0.748962 0.079795 0.095295
1 0.468328 0.519192 0.047360 0.061678
1 0.559973 0.508039 0.043241 0.048481
1 0.292387 0.535011 0.054940 0.072063
1 0.358743 0.503178 0.045802 0.060150
1 0.618109 0.524958 0.052514 0.059837
1 0.121077 0.311160 0.088785 0.112270
1 0.278573 0.907756 0.121980 0.142586
1 0.216826 0.905758 0.060775 0.128468
1 0.177338 0.589850 0.072841 0.066963
1 0.188301 0.585575 0.058276 0.059964
