1 0.567288 0.741806 0.090493 0.113855
1 0.179772 0.582658 0.070950 0.071371
1 0.694416 0.599895 0.051406 0.071908
1 0.426428 0.743481 0.080236 0.090381
1 0.294987 0.522006 0.050495 0.056755
1 0.563859 0.525142 0.048423 0.053811
1 0.634273 0.590840 0.057554 0.061328
1 0.352964 0.513401 0.037345 0.055656
1 0.205713 0.922322 0.133221 0.151968
1 0.464830 0.523255 0.050173 0.056989
1 0.614961 0.522728 0.047471 0.051328
1 0.417052 0.500823 0.049128 0.054658
1 0.117687 0.314930 0.089691 0.109405
1 0.373758 0.948409 0.081683 0.093774
