1 0.665903 0.860989 0.095238 0.136594
1 0.135222 0.561956 0.048661 0.068502
1 0.556594 0.717224 0.094798 0.125422
1 0.554225 0.509472 0.046667 0.048544
1 0.645652 0.515345 0.043724 0.054511
1 0.440618 0.719319 0.086860 0.101755
1 0.610352 0.524177 0.046596 0.054008
1 0.188910 0.579116 0.048729 0.059083
1 0.120445 0.316058 0.088823 0.112254
1 0.423942 0.515628 0.046517 0.059428
1 0.168207 0.918222 0.090057 0.153901
1 0.246658 0.927498 0.139852 0.144676
1 0.475682 0.521026 0.049023 0.054246
1 0.222596 0.922733 0.184165 0.154067
