1 0.555378 0.716399 0.098843 0.123935
1 0.664084 0.858874 0.097193 0.131038
1 0.554455 0.508530 0.046769 0.050153
1 0.154633 0.558303 0.050343 0.068289
1 0.436536 0.717050 0.086593 0.098727
1 0.610456 0.525473 0.046137 0.054120
1 0.645209 0.516232 0.043388 0.053922
1 0.424000 0.513779 0.045231 0.057940
1 0.475624 0.522340 0.047326 0.056732
1 0.118972 0.313742 0.090039 0.115556
1 0.211827 0.921416 0.193707 0.157168
1 0.385958 0.508012 0.039272 0.054939
1 0.292208 0.526178 0.042905 0.045217
1 0.371085 0.945308 0.083226 0.101942
