1 0.571678 0.737772 0.091123 0.120407
1 0.680554 0.871173 0.097328 0.130543
1 0.573479 0.509461 0.045513 0.051302
1 0.429531 0.742804 0.078062 0.090339
1 0.181953 0.583988 0.068522 0.071836
1 0.344287 0.936013 0.115362 0.127973
1 0.111707 0.305694 0.074164 0.121769
1 0.354061 0.508734 0.038419 0.048264
1 0.511625 0.556961 0.049783 0.062233
1 0.611088 0.520048 0.041072 0.051152
1 0.015929 0.611167 0.031857 0.095129
1 0.256661 0.939052 0.081054 0.121896
1 0.212716 0.923592 0.156850 0.152335
1 0.290518 0.548341 0.061901 0.087520
