1 0.680806 0.866100 0.100034 0.133466
1 0.570660 0.740969 0.091133 0.120785
1 0.553069 0.508954 0.047787 0.053363
1 0.287250 0.540866 0.054389 0.075137
1 0.613789 0.523103 0.050778 0.056859
1 0.428931 0.744331 0.079707 0.092797
1 0.349632 0.514550 0.048368 0.061666
1 0.464938 0.511061 0.047587 0.056274
1 0.216914 0.923749 0.167523 0.152376
1 0.178885 0.588795 0.077058 0.073354
1 0.259113 0.941266 0.080844 0.117468
1 0.346029 0.934424 0.119231 0.127675
1 0.511946 0.553651 0.039483 0.057153
1 0.404145 0.506137 0.056413 0.058436
1 0.123869 0.319509 0.088919 0.094669
