1 0.568298 0.730272 0.093299 0.125936
1 0.429105 0.742360 0.079094 0.091933
1 0.678892 0.869800 0.092808 0.113098
1 0.577017 0.509401 0.044720 0.050652
1 0.182518 0.583188 0.066502 0.069026
1 0.345610 0.936574 0.123932 0.126805
1 0.352618 0.511898 0.038937 0.048979
1 0.216039 0.923146 0.163692 0.153312
1 0.511092 0.557610 0.043748 0.058304
1 0.015235 0.609336 0.030469 0.096509
1 0.610323 0.516707 0.042637 0.049388
1 0.119085 0.317331 0.082524 0.099449
1 0.295252 0.532629 0.052949 0.059797
1 0.258138 0.944653 0.082920 0.110693
