1 0.566197 0.737913 0.092380 0.110696
1 0.687373 0.852465 0.101716 0.131484
1 0.181317 0.584136 0.069976 0.074105
1 0.563634 0.512113 0.046475 0.046461
1 0.428300 0.747940 0.079444 0.090645
1 0.611689 0.522783 0.042758 0.052685
1 0.211111 0.923792 0.143674 0.152417
1 0.352410 0.510088 0.040372 0.053408
1 0.294661 0.522892 0.047085 0.052292
1 0.677036 0.609414 0.051690 0.078394
1 0.457631 0.523693 0.057180 0.068412
1 0.509740 0.556325 0.040571 0.060042
1 0.631570 0.595350 0.051542 0.068905
1 0.117339 0.319244 0.077469 0.102405
