1 0.552160 0.726995 0.093491 0.116535
1 0.547332 0.507293 0.051302 0.052882
1 0.239638 0.914020 0.146246 0.168011
1 0.304421 0.505968 0.042212 0.048062
1 0.668672 0.842679 0.097484 0.137373
1 0.422762 0.755517 0.095353 0.099106
1 0.619259 0.524065 0.053739 0.062585
1 0.193197 0.580588 0.045388 0.053284
1 0.420225 0.512055 0.041352 0.055812
1 0.150391 0.599383 0.044106 0.067837
1 0.014996 0.628050 0.029945 0.092469
1 0.480897 0.498766 0.044122 0.061023
1 0.359074 0.505528 0.044560 0.051439
1 0.116055 0.316880 0.082447 0.101590
