1 0.552798 0.731172 0.089266 0.108728
1 0.670454 0.849596 0.096710 0.130246
1 0.244463 0.916735 0.147981 0.163670
1 0.614542 0.527680 0.047897 0.058718
1 0.550991 0.505242 0.045059 0.050238
1 0.349713 0.500556 0.044152 0.048047
1 0.418405 0.510692 0.045497 0.053739
1 0.425122 0.757830 0.094980 0.101457
1 0.122564 0.322997 0.087258 0.096841
1 0.191999 0.581723 0.049489 0.059067
1 0.157355 0.591655 0.043688 0.064094
1 0.294300 0.529554 0.045187 0.055678
1 0.170128 0.587517 0.065078 0.067229
1 0.470897 0.518015 0.041846 0.052426
1 0.129281 0.696254 0.055328 0.075898
