1 0.570680 0.740866 0.093005 0.122010
1 0.681486 0.865693 0.100907 0.132450
1 0.553834 0.508510 0.048062 0.052622
1 0.288427 0.537979 0.055631 0.073492
1 0.614084 0.523129 0.049221 0.056180
1 0.430310 0.744045 0.078005 0.093583
1 0.464697 0.512106 0.046805 0.054027
1 0.357399 0.512685 0.050523 0.061835
1 0.341059 0.934615 0.125109 0.129939
1 0.125558 0.321808 0.088068 0.093906
1 0.216446 0.923307 0.166883 0.153054
1 0.260050 0.943014 0.081342 0.113973
1 0.511632 0.554034 0.040414 0.058453
1 0.181818 0.587523 0.073050 0.070492
