1 0.551610 0.734353 0.093580 0.108218
1 0.669823 0.849933 0.100044 0.136472
1 0.551203 0.507507 0.044077 0.050193
1 0.245656 0.914964 0.152836 0.163848
1 0.425362 0.760575 0.089535 0.090337
1 0.618205 0.523721 0.053546 0.062241
1 0.116717 0.316537 0.080680 0.107565
1 0.420586 0.512993 0.043359 0.058942
1 0.470879 0.517600 0.041768 0.054965
1 0.508097 0.513077 0.031690 0.044976
1 0.294515 0.525949 0.046289 0.051151
1 0.382364 0.503789 0.045151 0.056060
1 0.156565 0.591257 0.050880 0.067680
1 0.185512 0.586504 0.064131 0.067852
1 0.170088 0.588640 0.074444 0.070769
