1 0.554699 0.714269 0.095018 0.121986
1 0.664179 0.859267 0.097844 0.132614
1 0.554474 0.509253 0.047103 0.050963
1 0.151010 0.561671 0.051652 0.073806
1 0.436197 0.717715 0.087020 0.098624
1 0.610679 0.524125 0.047121 0.053194
1 0.644758 0.516097 0.044634 0.054312
1 0.423920 0.513607 0.045448 0.057792
1 0.476029 0.523047 0.047503 0.057022
1 0.119832 0.316964 0.089775 0.109969
1 0.291965 0.526055 0.042721 0.045510
1 0.192484 0.579390 0.042736 0.066427
1 0.214274 0.921948 0.192197 0.156103
1 0.386299 0.508119 0.038000 0.054501
