1 0.668944 0.848644 0.097054 0.131336
1 0.553499 0.505435 0.040911 0.047424
1 0.545511 0.738091 0.092512 0.108398
1 0.471572 0.518961 0.043882 0.056339
1 0.421665 0.514418 0.043060 0.058229
1 0.297036 0.524041 0.042792 0.047768
1 0.214602 0.904475 0.090578 0.142541
1 0.122256 0.319749 0.087559 0.104245
1 0.423779 0.762181 0.091056 0.091643
1 0.513621 0.507380 0.036021 0.048205
1 0.155835 0.590851 0.049428 0.066723
1 0.620795 0.526850 0.056782 0.061426
1 0.191409 0.584815 0.055279 0.062434
1 0.170578 0.588297 0.075542 0.068355
1 0.379741 0.506416 0.046846 0.054126
