1 0.570906 0.739727 0.089895 0.120398
1 0.680491 0.870154 0.099970 0.128050
1 0.429590 0.742494 0.077436 0.091817
1 0.481170 0.509480 0.049117 0.055566
1 0.577148 0.509557 0.041630 0.055556
1 0.183182 0.579465 0.063201 0.065459
1 0.339107 0.936519 0.112142 0.126816
1 0.354044 0.511625 0.038334 0.051318
1 0.607827 0.519189 0.046165 0.052682
1 0.014652 0.620861 0.029303 0.103529
1 0.110020 0.305557 0.069046 0.118093
1 0.215943 0.924112 0.160073 0.151335
1 0.292220 0.544968 0.061506 0.080183
1 0.259124 0.946034 0.079275 0.107932
