1 0.552156 0.731983 0.095518 0.114910
1 0.682281 0.837432 0.106163 0.146938
1 0.563218 0.513305 0.045223 0.050835
1 0.412737 0.750587 0.082829 0.097816
1 0.265697 0.914160 0.158818 0.154476
1 0.291346 0.534170 0.057464 0.073656
1 0.468317 0.520546 0.047505 0.060022
1 0.418325 0.511305 0.045896 0.062931
1 0.116954 0.310187 0.078207 0.121561
1 0.620114 0.530154 0.057852 0.057483
1 0.518334 0.499487 0.040527 0.043307
1 0.176894 0.590653 0.075049 0.069557
1 0.373241 0.945768 0.070011 0.088258
1 0.187403 0.587879 0.061102 0.065420
