1 0.690604 0.871650 0.101039 0.131212
1 0.570654 0.740347 0.090406 0.120361
1 0.421827 0.734031 0.080079 0.093000
1 0.550723 0.508542 0.047309 0.052793
1 0.282942 0.544374 0.052152 0.079767
1 0.611780 0.525907 0.049629 0.057929
1 0.465323 0.510782 0.048460 0.057114
1 0.117620 0.312165 0.085149 0.110512
1 0.345604 0.936668 0.126140 0.126545
1 0.216572 0.924364 0.163466 0.150992
1 0.176922 0.587654 0.075577 0.070184
1 0.259140 0.942799 0.083520 0.114401
1 0.324105 0.518774 0.032781 0.053057
1 0.357601 0.522357 0.035928 0.065180
