1 0.563259 0.719244 0.090718 0.123937
1 0.557767 0.508594 0.046407 0.046487
1 0.667071 0.860795 0.091913 0.132224
1 0.129111 0.564149 0.047369 0.069326
1 0.649130 0.514124 0.044874 0.052424
1 0.440914 0.714356 0.085418 0.100481
1 0.426045 0.513209 0.047442 0.061624
1 0.183099 0.582350 0.060419 0.070503
1 0.611479 0.523342 0.044890 0.050622
1 0.120412 0.321101 0.085423 0.097993
1 0.171690 0.916057 0.086320 0.147321
1 0.381523 0.496442 0.038038 0.048008
1 0.475995 0.521370 0.048859 0.055687
1 0.228223 0.921783 0.200013 0.156049
