1 0.549580 0.728750 0.093043 0.116477
1 0.545634 0.507895 0.045462 0.052055
1 0.243303 0.910775 0.146632 0.158650
1 0.502870 0.488619 0.032804 0.042047
1 0.305785 0.505038 0.043435 0.047464
1 0.617975 0.523161 0.051307 0.056876
1 0.669857 0.841890 0.101444 0.133833
1 0.416796 0.746178 0.090723 0.099601
1 0.193752 0.581416 0.045258 0.052410
1 0.150564 0.597349 0.044186 0.062418
1 0.419981 0.511841 0.040313 0.055301
1 0.118937 0.312607 0.088114 0.112660
1 0.471988 0.522229 0.035374 0.052186
1 0.359173 0.504565 0.036844 0.048393
