1 0.668730 0.849214 0.096943 0.130647
1 0.552763 0.507170 0.041604 0.049148
1 0.547475 0.738393 0.092120 0.106995
1 0.471628 0.519072 0.044484 0.056177
1 0.121277 0.320244 0.086476 0.102775
1 0.421020 0.514501 0.043521 0.060055
1 0.425325 0.761793 0.092710 0.092542
1 0.192818 0.584137 0.051912 0.060719
1 0.154166 0.592029 0.047134 0.064813
1 0.513483 0.511754 0.034813 0.042012
1 0.214127 0.909958 0.101167 0.149585
1 0.619531 0.525771 0.055621 0.060754
1 0.295878 0.524701 0.042979 0.047500
1 0.379876 0.506735 0.046607 0.056419
