1 0.562127 0.720243 0.090281 0.126030
1 0.129451 0.561826 0.047779 0.064259
1 0.555867 0.509058 0.047237 0.049831
1 0.428106 0.515342 0.050132 0.066705
1 0.665469 0.862249 0.093996 0.134265
1 0.184597 0.580183 0.054113 0.064199
1 0.610439 0.523289 0.045150 0.052459
1 0.435741 0.716512 0.085156 0.098965
1 0.645812 0.515776 0.043966 0.053925
1 0.115314 0.314554 0.078824 0.108537
1 0.382271 0.496484 0.046900 0.052216
1 0.637245 0.518267 0.054592 0.053941
1 0.172015 0.912752 0.084766 0.145617
1 0.478611 0.524748 0.049797 0.059965
