1 0.668591 0.848329 0.095373 0.128510
1 0.120660 0.319386 0.088519 0.101776
1 0.422701 0.513244 0.042188 0.055815
1 0.619019 0.526900 0.055830 0.058995
1 0.193207 0.580446 0.046721 0.053501
1 0.543837 0.738062 0.085575 0.103738
1 0.424287 0.757389 0.083547 0.088327
1 0.152877 0.592712 0.044262 0.062807
1 0.557475 0.504270 0.040524 0.051709
1 0.474050 0.519228 0.045167 0.055611
1 0.297929 0.522780 0.042341 0.044451
1 0.225530 0.913223 0.120264 0.159630
1 0.525761 0.496123 0.040343 0.047124
1 0.363381 0.504990 0.049307 0.054819
