1 0.550696 0.726295 0.092715 0.116691
1 0.545765 0.508152 0.050255 0.052399
1 0.304584 0.505835 0.042053 0.049674
1 0.420333 0.753783 0.094470 0.098079
1 0.668492 0.843930 0.097970 0.136760
1 0.618125 0.524077 0.053178 0.060345
1 0.239923 0.911596 0.147928 0.165654
1 0.193466 0.579729 0.044764 0.051880
1 0.150741 0.596329 0.043446 0.063975
1 0.484779 0.488316 0.040070 0.044664
1 0.015936 0.630572 0.031711 0.091228
1 0.421582 0.512859 0.042918 0.055100
1 0.361813 0.504870 0.047810 0.050593
1 0.120182 0.314863 0.091514 0.112252
