1 0.554927 0.728703 0.090670 0.112914
1 0.551492 0.507016 0.046521 0.050615
1 0.670376 0.850684 0.095579 0.131663
1 0.190251 0.578100 0.050612 0.052401
1 0.610520 0.526160 0.047785 0.055611
1 0.424469 0.762302 0.094279 0.095916
1 0.308476 0.510528 0.050129 0.054662
1 0.421483 0.511770 0.043188 0.055865
1 0.469493 0.519710 0.041882 0.054543
1 0.142363 0.594490 0.044170 0.059787
1 0.118684 0.315679 0.081282 0.107674
1 0.355763 0.509409 0.034371 0.053045
1 0.509224 0.513015 0.029717 0.044673
1 0.385649 0.508671 0.036138 0.056645
