1 0.556023 0.509480 0.048999 0.051563
1 0.549571 0.741135 0.091371 0.116690
1 0.180500 0.579249 0.064258 0.069508
1 0.665632 0.856776 0.100119 0.131359
1 0.423135 0.514264 0.046052 0.066305
1 0.411643 0.750548 0.087499 0.100049
1 0.616990 0.526038 0.048817 0.060045
1 0.293626 0.528212 0.050916 0.055538
1 0.359103 0.510237 0.045342 0.059937
1 0.473719 0.525065 0.050457 0.061059
1 0.243920 0.908030 0.125282 0.159513
1 0.115423 0.315048 0.078033 0.105479
1 0.492701 0.736552 0.057185 0.113126
1 0.364570 0.945545 0.089329 0.086290
