1 0.551843 0.732293 0.095707 0.115308
1 0.679147 0.840686 0.102501 0.140215
1 0.560717 0.511894 0.047436 0.053369
1 0.409255 0.747922 0.075466 0.098494
1 0.624463 0.526798 0.056327 0.058387
1 0.466304 0.516184 0.039598 0.054721
1 0.503673 0.495609 0.038366 0.053353
1 0.293550 0.541027 0.056548 0.079297
1 0.177357 0.586358 0.072695 0.066328
1 0.267777 0.909227 0.138781 0.147697
1 0.025824 0.702994 0.051647 0.170828
1 0.355909 0.504691 0.041876 0.060031
1 0.218102 0.908223 0.062334 0.127958
1 0.122773 0.319243 0.088600 0.100880
