1 0.566665 0.742251 0.092078 0.115780
1 0.686275 0.850817 0.107103 0.141693
1 0.700506 0.602773 0.054956 0.079399
1 0.426454 0.747000 0.080765 0.092025
1 0.181891 0.585246 0.071110 0.073307
1 0.563911 0.514283 0.047479 0.046896
1 0.293445 0.521808 0.047742 0.051022
1 0.612603 0.523515 0.045805 0.053252
1 0.634933 0.591894 0.060488 0.060119
1 0.123393 0.321836 0.089153 0.100403
1 0.206294 0.924807 0.141415 0.149470
1 0.353249 0.511236 0.036135 0.047369
1 0.507820 0.555035 0.042103 0.056753
1 0.374120 0.942994 0.076942 0.097575
