1 0.551832 0.731150 0.094809 0.115594
1 0.678989 0.839183 0.102125 0.140879
1 0.561081 0.508506 0.044809 0.051357
1 0.468438 0.514910 0.045604 0.055246
1 0.408745 0.751278 0.081260 0.096720
1 0.516839 0.489594 0.041799 0.046719
1 0.291968 0.534136 0.055069 0.070679
1 0.356959 0.504812 0.043750 0.059698
1 0.275598 0.906023 0.125182 0.142426
1 0.121686 0.313062 0.091918 0.111365
1 0.217595 0.907700 0.061455 0.131110
1 0.168627 0.591631 0.062031 0.066605
1 0.186094 0.587273 0.062008 0.064474
1 0.620186 0.525298 0.054445 0.056555
