1 0.553013 0.722943 0.092179 0.117288
1 0.670811 0.847306 0.095394 0.129282
1 0.552616 0.507617 0.045250 0.048368
1 0.609695 0.527915 0.047532 0.057839
1 0.421856 0.514152 0.042305 0.053916
1 0.308190 0.509246 0.050979 0.056180
1 0.421861 0.762068 0.094327 0.092333
1 0.147538 0.594485 0.043895 0.058334
1 0.192558 0.580569 0.048456 0.055442
1 0.469795 0.520352 0.041785 0.054869
1 0.383680 0.512387 0.036487 0.052889
1 0.117759 0.317796 0.080239 0.104089
1 0.356951 0.509900 0.035862 0.050909
1 0.187426 0.640485 0.077478 0.126275
1 0.508682 0.511850 0.031897 0.043061
