1 0.681859 0.841835 0.108255 0.151719
1 0.551807 0.739373 0.096419 0.110004
1 0.562558 0.511815 0.044382 0.051154
1 0.411567 0.750209 0.081308 0.101022
1 0.122531 0.321883 0.089937 0.098641
1 0.468408 0.520671 0.048593 0.061436
1 0.516644 0.499474 0.042528 0.048086
1 0.418722 0.514920 0.045876 0.067609
1 0.255112 0.909988 0.138849 0.153577
1 0.169501 0.589076 0.064169 0.066365
1 0.184174 0.583412 0.061409 0.062535
1 0.293597 0.527946 0.048582 0.055301
1 0.374596 0.944498 0.069856 0.097009
1 0.160521 0.590595 0.047624 0.065247
