1 0.552546 0.736790 0.096146 0.112190
1 0.682829 0.840917 0.109263 0.150300
1 0.122699 0.323224 0.090706 0.096209
1 0.563242 0.512854 0.045354 0.052402
1 0.412024 0.748470 0.082640 0.099196
1 0.515744 0.498956 0.042143 0.048526
1 0.469460 0.520805 0.049134 0.062203
1 0.256314 0.909995 0.136266 0.146951
1 0.418228 0.511597 0.046637 0.068842
1 0.293274 0.537109 0.055226 0.070865
1 0.166721 0.591030 0.059485 0.065579
1 0.187173 0.584576 0.058247 0.063148
1 0.379084 0.947481 0.059862 0.085556
1 0.157147 0.592917 0.041881 0.063973
