1 0.665184 0.860458 0.094389 0.136416
1 0.557894 0.716181 0.093106 0.123250
1 0.133300 0.562433 0.046305 0.066236
1 0.554371 0.509757 0.047264 0.049106
1 0.440095 0.717234 0.085215 0.097749
1 0.610428 0.524950 0.046994 0.054078
1 0.644750 0.516821 0.043862 0.053660
1 0.188530 0.579051 0.048571 0.058342
1 0.423709 0.516969 0.046223 0.060417
1 0.120089 0.316165 0.089119 0.114201
1 0.254416 0.928034 0.124914 0.143933
1 0.167437 0.916952 0.087239 0.151765
1 0.475719 0.521427 0.049187 0.055364
1 0.231894 0.923847 0.169710 0.151357
