1 0.546998 0.738447 0.092302 0.107365
1 0.251182 0.915187 0.161765 0.164627
1 0.668229 0.844929 0.094501 0.129058
1 0.429402 0.741960 0.074416 0.083238
1 0.421869 0.513181 0.041217 0.055218
1 0.192698 0.578533 0.043698 0.049284
1 0.551355 0.506718 0.045580 0.051034
1 0.474505 0.519800 0.045099 0.053834
1 0.149572 0.597416 0.044614 0.063944
1 0.618591 0.525770 0.053752 0.061175
1 0.120522 0.312837 0.085589 0.107545
1 0.360039 0.504835 0.036208 0.047987
1 0.320006 0.507124 0.033788 0.043825
1 0.016485 0.623745 0.032932 0.101184
1 0.671553 0.618430 0.054815 0.082106
