1 0.555178 0.729365 0.091580 0.112951
1 0.551507 0.505788 0.046709 0.050913
1 0.670853 0.850461 0.096182 0.131160
1 0.190686 0.578422 0.050394 0.052053
1 0.610078 0.523191 0.046988 0.049969
1 0.421032 0.511084 0.042948 0.055547
1 0.307711 0.509703 0.051978 0.055272
1 0.423885 0.761581 0.095641 0.096167
1 0.144284 0.592319 0.044179 0.059554
1 0.227019 0.922703 0.194082 0.154320
1 0.469526 0.518398 0.041357 0.052603
1 0.121786 0.320060 0.085711 0.101877
1 0.355583 0.509311 0.034475 0.052761
1 0.385641 0.508559 0.035937 0.056853
1 0.509201 0.512228 0.030033 0.044645
