1 0.570583 0.739798 0.089534 0.119940
1 0.685520 0.870735 0.099910 0.134749
1 0.423600 0.736380 0.078537 0.095531
1 0.283265 0.544291 0.053183 0.078951
1 0.550893 0.509129 0.048355 0.053643
1 0.346668 0.936917 0.123325 0.126166
1 0.611992 0.526090 0.049414 0.058090
1 0.464543 0.511720 0.046719 0.057451
1 0.176983 0.587873 0.076546 0.071636
1 0.327015 0.514608 0.032684 0.046249
1 0.216428 0.924031 0.162991 0.151617
1 0.119703 0.313948 0.088876 0.107696
1 0.258575 0.942157 0.082022 0.115687
1 0.358159 0.523071 0.036430 0.064739
