1 0.553195 0.732661 0.096601 0.110610
1 0.703071 0.822392 0.107092 0.151924
1 0.484165 0.484319 0.039761 0.043976
1 0.562510 0.507808 0.046951 0.048801
1 0.236857 0.917594 0.126657 0.160496
1 0.616833 0.525874 0.049510 0.058529
1 0.378468 0.507006 0.047056 0.058039
1 0.408015 0.746362 0.085051 0.092882
1 0.318379 0.514029 0.049566 0.052123
1 0.522150 0.580882 0.046059 0.076183
1 0.166216 0.590766 0.065997 0.072452
1 0.120642 0.315781 0.085926 0.108464
1 0.417696 0.511850 0.036900 0.056940
1 0.191108 0.585218 0.053541 0.066719
1 0.181191 0.586418 0.070624 0.069872
