1 0.551719 0.731426 0.089758 0.109212
1 0.670605 0.850685 0.097324 0.130483
1 0.550404 0.505005 0.045224 0.049733
1 0.245743 0.915535 0.154006 0.162940
1 0.613314 0.526822 0.048420 0.056770
1 0.418265 0.510915 0.050088 0.057035
1 0.425242 0.758278 0.095086 0.100303
1 0.352560 0.499319 0.040997 0.050109
1 0.123093 0.322721 0.086374 0.098296
1 0.471069 0.517321 0.041945 0.051682
1 0.157744 0.590726 0.046502 0.065671
1 0.191242 0.581789 0.051263 0.059146
1 0.295029 0.529983 0.046274 0.057598
1 0.170982 0.587184 0.068176 0.067473
