1 0.552918 0.730571 0.096382 0.121257
1 0.681138 0.840111 0.106499 0.144293
1 0.411673 0.749715 0.078290 0.091257
1 0.519341 0.490994 0.042363 0.045738
1 0.559541 0.511243 0.044326 0.052348
1 0.292629 0.537021 0.054881 0.075207
1 0.467752 0.519810 0.045799 0.061745
1 0.116845 0.309256 0.083514 0.114806
1 0.358553 0.502915 0.044153 0.059600
1 0.618569 0.525501 0.053767 0.060321
1 0.271608 0.907731 0.139434 0.155395
1 0.187604 0.586240 0.059189 0.061947
1 0.177578 0.588777 0.069826 0.066242
1 0.217117 0.906559 0.060233 0.138181
