1 0.553170 0.727207 0.094028 0.115656
1 0.558505 0.504285 0.048694 0.054018
1 0.620500 0.525232 0.056273 0.061780
1 0.194106 0.577856 0.044408 0.051931
1 0.240115 0.913830 0.152387 0.163967
1 0.668316 0.843478 0.096469 0.137551
1 0.304327 0.506070 0.042493 0.048445
1 0.423114 0.758214 0.093401 0.092331
1 0.418942 0.511525 0.038712 0.057039
1 0.150626 0.598165 0.044637 0.064586
1 0.358118 0.506031 0.042149 0.051369
1 0.462691 0.494298 0.042178 0.055207
1 0.118002 0.314598 0.085176 0.105077
1 0.013587 0.616783 0.027173 0.108650
