1 0.669120 0.848706 0.096436 0.129450
1 0.561142 0.504417 0.040887 0.051751
1 0.543157 0.737432 0.084273 0.106115
1 0.193299 0.580608 0.046781 0.053469
1 0.617962 0.526273 0.054534 0.057973
1 0.422641 0.512609 0.042464 0.054685
1 0.120744 0.320114 0.089103 0.101763
1 0.152951 0.593288 0.043969 0.061900
1 0.427175 0.755114 0.085594 0.089994
1 0.473890 0.519801 0.044179 0.055379
1 0.298322 0.522893 0.042981 0.044584
1 0.363165 0.504652 0.050233 0.054732
1 0.525095 0.496833 0.039313 0.047895
1 0.221878 0.912008 0.111393 0.157876
