1 0.565980 0.740326 0.090334 0.112685
1 0.682488 0.872208 0.092305 0.125042
1 0.428493 0.743282 0.080859 0.093720
1 0.180833 0.582964 0.068097 0.069780
1 0.577376 0.508738 0.043763 0.049527
1 0.354009 0.508570 0.039481 0.048098
1 0.464135 0.510638 0.044527 0.052298
1 0.612576 0.518021 0.041401 0.051926
1 0.017372 0.615781 0.034745 0.117360
1 0.119990 0.316495 0.088423 0.105531
1 0.195462 0.922684 0.131822 0.154128
1 0.514677 0.556840 0.046721 0.059876
1 0.334578 0.938912 0.091135 0.122176
1 0.295195 0.529570 0.054510 0.056735
1 0.178101 0.914824 0.085504 0.139683
