1 0.567746 0.743275 0.091535 0.115280
1 0.694439 0.848204 0.108878 0.148216
1 0.699854 0.604473 0.058547 0.081327
1 0.180579 0.583675 0.070725 0.072360
1 0.426425 0.747680 0.081301 0.092435
1 0.567169 0.520658 0.049834 0.055188
1 0.200174 0.924262 0.146204 0.151475
1 0.613462 0.523620 0.045414 0.053333
1 0.292336 0.522601 0.047892 0.050311
1 0.122523 0.321264 0.088726 0.097397
1 0.634721 0.591850 0.058113 0.058152
1 0.353129 0.511274 0.036484 0.047659
1 0.375144 0.944429 0.073979 0.093547
1 0.507500 0.555172 0.042510 0.060081
