1 0.681252 0.868707 0.098648 0.127911
1 0.571857 0.740565 0.090020 0.118466
1 0.613779 0.524052 0.048510 0.057089
1 0.554114 0.510967 0.047565 0.053176
1 0.429526 0.744577 0.077936 0.094295
1 0.287742 0.535991 0.050548 0.070956
1 0.183440 0.586929 0.070811 0.071721
1 0.464750 0.512306 0.048638 0.058738
1 0.261277 0.945571 0.081946 0.108857
1 0.016346 0.626302 0.032679 0.091365
1 0.357949 0.511723 0.051467 0.063016
1 0.218033 0.923430 0.166584 0.151899
1 0.125218 0.320800 0.090764 0.093688
1 0.511977 0.551845 0.040211 0.057397
