1 0.682577 0.870190 0.098764 0.124729
1 0.572121 0.740977 0.090075 0.118564
1 0.613710 0.524239 0.048870 0.057153
1 0.553869 0.511414 0.048315 0.054003
1 0.430041 0.744274 0.076352 0.093505
1 0.464803 0.512261 0.048921 0.057076
1 0.288053 0.535930 0.050252 0.072193
1 0.183833 0.585123 0.068142 0.068636
1 0.123516 0.321624 0.088563 0.099372
1 0.261037 0.947211 0.080664 0.105577
1 0.359565 0.508115 0.046879 0.056535
1 0.014596 0.619419 0.029185 0.105299
1 0.512252 0.551876 0.039338 0.057885
1 0.216996 0.923749 0.164690 0.151064
