1 0.568495 0.733080 0.094557 0.131312
1 0.429878 0.742208 0.079496 0.092953
1 0.576350 0.509063 0.044183 0.050068
1 0.680329 0.871564 0.094035 0.116160
1 0.342812 0.936595 0.116812 0.126810
1 0.182711 0.583893 0.067105 0.070010
1 0.120297 0.319252 0.084280 0.099035
1 0.352734 0.511275 0.038324 0.048122
1 0.511005 0.557354 0.044115 0.057308
1 0.015368 0.609128 0.030705 0.098221
1 0.295074 0.533117 0.052853 0.061457
1 0.258641 0.945802 0.079097 0.108396
1 0.460650 0.502727 0.045403 0.048617
1 0.209236 0.923493 0.148790 0.152023
1 0.610329 0.517211 0.042091 0.048863
