1 0.552502 0.735812 0.097934 0.111322
1 0.690648 0.834207 0.109006 0.148773
1 0.570932 0.505589 0.043789 0.051941
1 0.234760 0.916501 0.125279 0.160220
1 0.617727 0.524541 0.047654 0.057847
1 0.411659 0.744670 0.078166 0.088492
1 0.320061 0.514214 0.051133 0.052762
1 0.100047 0.305078 0.099724 0.120523
1 0.674586 0.634915 0.060355 0.061896
1 0.168231 0.593420 0.071203 0.072526
1 0.460522 0.744286 0.057524 0.118570
1 0.178931 0.589750 0.073829 0.069997
1 0.375654 0.504028 0.044135 0.056586
1 0.157619 0.595145 0.051458 0.070715
