1 0.554400 0.729300 0.090170 0.111391
1 0.611325 0.528691 0.048046 0.060638
1 0.551759 0.506748 0.046824 0.052214
1 0.420915 0.511554 0.045188 0.057129
1 0.670988 0.849272 0.097434 0.130915
1 0.236065 0.919096 0.167696 0.161529
1 0.121881 0.322019 0.086773 0.097425
1 0.310181 0.508829 0.047217 0.053453
1 0.423393 0.760194 0.095705 0.099203
1 0.191259 0.580519 0.050629 0.056755
1 0.470309 0.518082 0.040849 0.050424
1 0.154532 0.590469 0.046229 0.062365
1 0.356532 0.508806 0.035208 0.051230
1 0.024612 0.699546 0.049224 0.159489
