1 0.547168 0.738189 0.091377 0.105932
1 0.678856 0.609408 0.058262 0.076200
1 0.669670 0.846805 0.095305 0.132827
1 0.423617 0.750600 0.076423 0.087215
1 0.422363 0.511935 0.042215 0.057180
1 0.568454 0.503016 0.040868 0.052317
1 0.525942 0.496820 0.043632 0.046770
1 0.150992 0.596243 0.046539 0.063151
1 0.390888 0.506020 0.037079 0.059661
1 0.193158 0.580791 0.045002 0.051204
1 0.118570 0.315217 0.088166 0.104966
1 0.473536 0.518730 0.043763 0.054922
1 0.355417 0.506257 0.039292 0.052132
1 0.297370 0.524149 0.041581 0.044478
