1 0.566115 0.740827 0.094833 0.114710
1 0.697162 0.598869 0.054867 0.067224
1 0.565241 0.526288 0.055236 0.055567
1 0.429107 0.745743 0.077461 0.092711
1 0.178826 0.584649 0.074713 0.075124
1 0.287232 0.532840 0.045581 0.074440
1 0.351920 0.511300 0.038939 0.049115
1 0.411069 0.498775 0.056232 0.052440
1 0.466210 0.504175 0.042582 0.051596
1 0.203880 0.922929 0.135944 0.149652
1 0.107726 0.313878 0.064239 0.109267
1 0.635081 0.587626 0.054451 0.058913
1 0.118743 0.317961 0.085514 0.107574
1 0.506971 0.557751 0.045139 0.057300
