1 0.669491 0.849862 0.099177 0.132731
1 0.549515 0.736092 0.096743 0.111323
1 0.242268 0.915684 0.158738 0.165759
1 0.551496 0.506814 0.044610 0.049642
1 0.425022 0.761783 0.091409 0.093177
1 0.420653 0.513709 0.043139 0.058638
1 0.470424 0.518650 0.042249 0.055053
1 0.121618 0.321668 0.086896 0.100248
1 0.618685 0.525465 0.054842 0.060694
1 0.156393 0.590508 0.049036 0.067045
1 0.508572 0.512764 0.031881 0.043140
1 0.186833 0.585943 0.061704 0.066695
1 0.295372 0.530746 0.048063 0.059392
1 0.168435 0.588111 0.069822 0.069638
1 0.381428 0.505674 0.043691 0.055151
