1 0.552209 0.728685 0.092347 0.112893
1 0.569867 0.505936 0.047893 0.053798
1 0.235516 0.918120 0.131891 0.163760
1 0.423160 0.498133 0.044384 0.055345
1 0.424025 0.755541 0.093025 0.094523
1 0.193670 0.576695 0.044817 0.053326
1 0.668048 0.843473 0.095904 0.137688
1 0.358394 0.504959 0.038076 0.049126
1 0.621661 0.527030 0.052187 0.064410
1 0.474620 0.520955 0.048369 0.058628
1 0.311749 0.506156 0.044659 0.048726
1 0.126575 0.321714 0.088481 0.099327
1 0.016114 0.630356 0.031838 0.083558
1 0.154578 0.632218 0.089912 0.123417
