1 0.564103 0.718466 0.089371 0.123069
1 0.558085 0.509604 0.046584 0.047672
1 0.666916 0.861453 0.090997 0.131934
1 0.129068 0.563774 0.047094 0.068085
1 0.648496 0.514737 0.045489 0.052549
1 0.435720 0.717969 0.088917 0.108537
1 0.426150 0.514012 0.047416 0.062473
1 0.185217 0.580131 0.056853 0.065006
1 0.612181 0.523874 0.045709 0.052622
1 0.120023 0.321255 0.084330 0.098135
1 0.476116 0.522738 0.046995 0.057135
1 0.170572 0.915825 0.084673 0.144788
1 0.383274 0.494873 0.037369 0.051192
1 0.352836 0.507165 0.037449 0.045931
