1 0.547076 0.738812 0.091702 0.105829
1 0.679887 0.610921 0.058055 0.077310
1 0.669507 0.846351 0.094540 0.131027
1 0.425240 0.751394 0.079840 0.087987
1 0.422782 0.511987 0.041739 0.054508
1 0.568104 0.503522 0.040660 0.052574
1 0.525435 0.497746 0.043090 0.047297
1 0.193270 0.579610 0.043485 0.049302
1 0.151156 0.596332 0.045403 0.064198
1 0.120553 0.315487 0.089061 0.105929
1 0.473799 0.518811 0.043653 0.055763
1 0.296683 0.523389 0.043539 0.044132
1 0.391014 0.506269 0.035142 0.053941
1 0.350744 0.503552 0.043549 0.049970
