1 0.571326 0.740751 0.092162 0.121095
1 0.681332 0.865383 0.100462 0.132722
1 0.553607 0.508007 0.047851 0.051652
1 0.613455 0.523589 0.050564 0.056482
1 0.288110 0.540100 0.056244 0.075400
1 0.429730 0.744131 0.078161 0.093066
1 0.356179 0.512695 0.049577 0.059421
1 0.464667 0.512755 0.046952 0.055385
1 0.217094 0.923161 0.168766 0.153347
1 0.125981 0.321980 0.088553 0.092293
1 0.181221 0.587922 0.074100 0.071800
1 0.260807 0.942413 0.080529 0.115174
1 0.511713 0.554442 0.040434 0.058880
1 0.340076 0.933681 0.127905 0.131645
