1 0.562380 0.719736 0.091274 0.124623
1 0.129885 0.561961 0.048176 0.064338
1 0.555860 0.508844 0.047427 0.049710
1 0.665387 0.860953 0.092410 0.132585
1 0.427085 0.516518 0.048062 0.064481
1 0.184779 0.580226 0.054020 0.064293
1 0.440232 0.716764 0.083112 0.099708
1 0.610672 0.523060 0.046037 0.053439
1 0.115830 0.313931 0.079406 0.110092
1 0.644781 0.516089 0.042906 0.052671
1 0.382827 0.495852 0.045599 0.052172
1 0.476939 0.522893 0.051306 0.058720
1 0.171338 0.914222 0.084061 0.144727
1 0.633390 0.518703 0.058702 0.053436
