1 0.547170 0.739362 0.093793 0.104621
1 0.676969 0.608050 0.058392 0.076181
1 0.670938 0.849385 0.098790 0.133226
1 0.526097 0.496136 0.043367 0.045096
1 0.424646 0.752722 0.080963 0.087993
1 0.422462 0.511136 0.042538 0.056802
1 0.117647 0.312572 0.085576 0.112233
1 0.568519 0.502503 0.041693 0.053783
1 0.151483 0.595909 0.045432 0.062887
1 0.473723 0.518289 0.044073 0.052621
1 0.193394 0.580623 0.044407 0.051298
1 0.297196 0.524403 0.043046 0.043856
1 0.391816 0.505538 0.038199 0.057359
1 0.355448 0.507747 0.038914 0.055322
1 0.218953 0.915130 0.117026 0.164939
