1 0.552694 0.730723 0.089810 0.110918
1 0.670640 0.849785 0.095907 0.130843
1 0.550824 0.505631 0.045313 0.051673
1 0.614264 0.527539 0.048609 0.059567
1 0.243000 0.916863 0.154543 0.164456
1 0.420111 0.510211 0.046180 0.054656
1 0.292426 0.529484 0.046925 0.057661
1 0.425080 0.757535 0.096632 0.102712
1 0.192751 0.580782 0.048285 0.057461
1 0.157380 0.591196 0.045065 0.063856
1 0.340773 0.502822 0.035205 0.047699
1 0.122197 0.323044 0.087103 0.095236
1 0.168156 0.587462 0.063219 0.066276
1 0.470900 0.518227 0.041820 0.052437
