1 0.572107 0.740913 0.090956 0.120085
1 0.680364 0.866410 0.098303 0.130740
1 0.288101 0.537355 0.054745 0.073187
1 0.614495 0.524076 0.049796 0.057960
1 0.554861 0.511105 0.048280 0.053033
1 0.429780 0.744384 0.078507 0.093167
1 0.464374 0.511921 0.046971 0.055698
1 0.357182 0.513324 0.050169 0.061993
1 0.182893 0.587513 0.071333 0.071584
1 0.125529 0.321159 0.088406 0.091655
1 0.342660 0.935419 0.123735 0.129162
1 0.216144 0.923537 0.166581 0.152404
1 0.260209 0.944551 0.081997 0.110899
1 0.016344 0.623649 0.032665 0.096904
