1 0.566262 0.741697 0.092372 0.114647
1 0.681557 0.871712 0.095377 0.124248
1 0.429009 0.743128 0.079269 0.091230
1 0.182884 0.582875 0.069035 0.070098
1 0.573560 0.508785 0.047480 0.050743
1 0.354808 0.510646 0.039052 0.047579
1 0.346214 0.938072 0.122789 0.123856
1 0.213174 0.923141 0.166356 0.153718
1 0.463194 0.502733 0.044810 0.051366
1 0.611311 0.520374 0.042657 0.053179
1 0.117412 0.312840 0.082275 0.106810
1 0.017030 0.618456 0.033999 0.111261
1 0.295252 0.535047 0.056927 0.075401
1 0.515028 0.556928 0.049169 0.062744
