1 0.554588 0.729454 0.089946 0.111307
1 0.612499 0.529058 0.048921 0.061774
1 0.239578 0.919121 0.157372 0.160528
1 0.551570 0.506296 0.047239 0.052537
1 0.420793 0.511112 0.047780 0.057636
1 0.670666 0.849165 0.096205 0.130535
1 0.423716 0.759202 0.095175 0.098464
1 0.313269 0.508223 0.043736 0.052683
1 0.156163 0.591518 0.047782 0.062952
1 0.192172 0.581770 0.049621 0.057940
1 0.470879 0.518152 0.040425 0.050871
1 0.121799 0.319868 0.086955 0.099274
1 0.357260 0.508745 0.034530 0.052122
1 0.168396 0.587953 0.069102 0.065456
