1 0.680650 0.869225 0.094313 0.123132
1 0.566315 0.741859 0.091998 0.114325
1 0.429335 0.743545 0.077943 0.089848
1 0.570993 0.510110 0.048199 0.052670
1 0.182767 0.583736 0.067502 0.068675
1 0.354482 0.510948 0.039393 0.049030
1 0.114893 0.315431 0.077529 0.101867
1 0.294864 0.528429 0.053636 0.064322
1 0.611336 0.523019 0.044277 0.053813
1 0.201562 0.922755 0.141582 0.152515
1 0.178075 0.914355 0.084650 0.136111
1 0.018693 0.625911 0.037381 0.100795
1 0.462920 0.503231 0.047191 0.053444
1 0.293777 0.538109 0.058882 0.084956
