1 0.567012 0.742126 0.090572 0.114737
1 0.180428 0.583284 0.070534 0.072334
1 0.695436 0.601188 0.055671 0.072738
1 0.426301 0.744904 0.079779 0.088954
1 0.295081 0.519140 0.049062 0.052107
1 0.563798 0.524212 0.048219 0.052483
1 0.206008 0.921087 0.135929 0.152050
1 0.634443 0.588865 0.059772 0.061581
1 0.353081 0.511731 0.038325 0.054278
1 0.465704 0.525583 0.053387 0.063915
1 0.418400 0.500323 0.046329 0.053424
1 0.616092 0.523604 0.049822 0.051809
1 0.118839 0.314730 0.089142 0.109494
1 0.373529 0.947768 0.082411 0.095409
1 0.662959 0.812394 0.097193 0.186352
