1 0.552339 0.732850 0.090619 0.108242
1 0.670407 0.850720 0.097964 0.130802
1 0.614792 0.527248 0.051768 0.059355
1 0.549762 0.505290 0.044923 0.048361
1 0.245222 0.915207 0.159386 0.164730
1 0.355959 0.500885 0.043697 0.054113
1 0.424977 0.759312 0.094050 0.096870
1 0.417729 0.510622 0.050358 0.057942
1 0.121795 0.321086 0.084990 0.097206
1 0.470849 0.517275 0.041167 0.052212
1 0.191601 0.582156 0.052134 0.059282
1 0.292284 0.533455 0.052152 0.069087
1 0.157632 0.590364 0.045865 0.066134
1 0.172709 0.586657 0.069226 0.066425
