1 0.566434 0.742390 0.092175 0.116704
1 0.686469 0.849697 0.106091 0.142724
1 0.700428 0.604071 0.056575 0.080967
1 0.426784 0.747338 0.080392 0.093060
1 0.181564 0.585555 0.069799 0.073515
1 0.562893 0.514379 0.047120 0.046855
1 0.292950 0.521792 0.048708 0.051816
1 0.612153 0.524370 0.045890 0.052279
1 0.633790 0.592688 0.057574 0.058772
1 0.123073 0.320941 0.088554 0.102195
1 0.461769 0.522884 0.053388 0.065819
1 0.508958 0.555890 0.042729 0.058001
1 0.353306 0.512129 0.035950 0.047203
1 0.208796 0.925273 0.149073 0.149405
