1 0.668716 0.849439 0.095977 0.130162
1 0.542185 0.736626 0.087513 0.109406
1 0.193116 0.579495 0.045810 0.051601
1 0.618167 0.524783 0.053591 0.057111
1 0.426443 0.754539 0.084675 0.088925
1 0.152313 0.592770 0.043818 0.062301
1 0.423971 0.512396 0.042718 0.055096
1 0.565218 0.503485 0.041395 0.054841
1 0.298100 0.523510 0.042649 0.043784
1 0.525773 0.496781 0.041973 0.047236
1 0.473295 0.518984 0.042923 0.055413
1 0.118382 0.315427 0.084950 0.108398
1 0.665604 0.616065 0.053945 0.074408
1 0.358907 0.503162 0.042960 0.054672
1 0.247291 0.915004 0.164150 0.163748
1 0.220100 0.912661 0.110259 0.159514
