1 0.551996 0.733558 0.095505 0.115433
1 0.678998 0.840249 0.101683 0.139705
1 0.409355 0.749935 0.079546 0.097265
1 0.561226 0.511708 0.046875 0.053621
1 0.508698 0.487713 0.036767 0.043812
1 0.467463 0.515293 0.041804 0.055793
1 0.356627 0.504795 0.043206 0.060483
1 0.620370 0.525872 0.057054 0.058639
1 0.279190 0.907236 0.116793 0.140656
1 0.216232 0.909512 0.059395 0.123742
1 0.176580 0.587829 0.074664 0.066975
1 0.292812 0.536342 0.055329 0.071940
1 0.117444 0.315741 0.081899 0.106282
1 0.186464 0.584452 0.060259 0.061288
