1 0.548600 0.736012 0.092840 0.106127
1 0.615196 0.527735 0.047907 0.058232
1 0.569071 0.506080 0.042006 0.051422
1 0.425238 0.753335 0.085339 0.096940
1 0.246232 0.910886 0.143432 0.153879
1 0.665754 0.856211 0.096061 0.129725
1 0.121635 0.320899 0.089127 0.100338
1 0.153660 0.593603 0.047587 0.061433
1 0.318783 0.513474 0.037639 0.049110
1 0.420941 0.494733 0.038547 0.054069
1 0.192187 0.581629 0.047179 0.054115
1 0.357819 0.508367 0.033307 0.049374
1 0.368183 0.939865 0.084264 0.096140
1 0.584804 0.963834 0.098359 0.072333
