1 0.570367 0.739147 0.089671 0.120855
1 0.680478 0.870559 0.097060 0.129474
1 0.429949 0.743485 0.076466 0.090617
1 0.572114 0.510508 0.044463 0.050011
1 0.610682 0.521076 0.041067 0.049411
1 0.183057 0.584352 0.067903 0.073002
1 0.346427 0.935895 0.122880 0.128210
1 0.353294 0.509849 0.037848 0.050509
1 0.512138 0.553713 0.044065 0.053939
1 0.113678 0.308806 0.078329 0.114997
1 0.463058 0.521906 0.051105 0.070754
1 0.014482 0.612527 0.028963 0.091115
1 0.258865 0.944624 0.069152 0.110753
1 0.289946 0.546156 0.063015 0.086336
1 0.464913 0.513711 0.045257 0.062715
