1 0.566641 0.743134 0.090578 0.113618
1 0.428782 0.747085 0.079388 0.090783
1 0.695500 0.606007 0.054339 0.073333
1 0.123492 0.321346 0.088920 0.095702
1 0.290924 0.540378 0.059593 0.083016
1 0.612112 0.523776 0.043554 0.052996
1 0.172519 0.585190 0.072327 0.072277
1 0.564042 0.523391 0.047287 0.048318
1 0.355100 0.515756 0.039555 0.054906
1 0.211667 0.923679 0.150648 0.151604
1 0.664912 0.817567 0.103304 0.180158
1 0.415506 0.500555 0.058963 0.056551
1 0.633207 0.588934 0.055393 0.064618
1 0.376756 0.945978 0.077760 0.097457
