1 0.566305 0.741170 0.091265 0.114071
1 0.682631 0.872879 0.092000 0.122622
1 0.429258 0.743411 0.080588 0.093934
1 0.181868 0.582619 0.068777 0.069905
1 0.576466 0.509059 0.044105 0.049549
1 0.463906 0.506960 0.042426 0.050766
1 0.515745 0.558608 0.049249 0.060418
1 0.612109 0.517707 0.041840 0.051769
1 0.016315 0.612743 0.032627 0.120675
1 0.120326 0.315616 0.090520 0.105694
1 0.334090 0.938953 0.089677 0.122093
1 0.353866 0.509757 0.039452 0.048526
1 0.210841 0.924925 0.165315 0.150137
1 0.253400 0.933326 0.093530 0.133348
