1 0.567209 0.742466 0.092318 0.115444
1 0.687112 0.851029 0.105901 0.141589
1 0.700633 0.605028 0.056494 0.081293
1 0.181256 0.582878 0.069614 0.069185
1 0.426336 0.747305 0.081341 0.093108
1 0.565153 0.514871 0.046088 0.045776
1 0.612913 0.524166 0.046062 0.052992
1 0.293355 0.522011 0.048395 0.050976
1 0.122703 0.321671 0.088385 0.100218
1 0.634197 0.591946 0.058777 0.059411
1 0.205609 0.924496 0.145990 0.150628
1 0.353095 0.510578 0.035748 0.046695
1 0.374752 0.944303 0.075130 0.094538
1 0.508039 0.555580 0.042917 0.056760
