1 0.551225 0.734742 0.094368 0.108744
1 0.670564 0.850232 0.101382 0.135735
1 0.249261 0.912852 0.151916 0.162782
1 0.120256 0.321868 0.086697 0.104198
1 0.550971 0.507785 0.044564 0.050958
1 0.425041 0.760174 0.090524 0.091303
1 0.420052 0.512001 0.043346 0.058761
1 0.470602 0.517185 0.041098 0.053779
1 0.617530 0.522970 0.052961 0.061868
1 0.294065 0.526046 0.046257 0.050727
1 0.382125 0.502408 0.047750 0.055889
1 0.508318 0.512966 0.030998 0.044614
1 0.173808 0.588931 0.078312 0.072614
1 0.186934 0.588174 0.062932 0.070751
