1 0.669759 0.850153 0.096893 0.131363
1 0.543504 0.737201 0.090051 0.107909
1 0.193795 0.579905 0.045613 0.051234
1 0.120299 0.319212 0.087856 0.101748
1 0.152272 0.592795 0.043646 0.062484
1 0.423918 0.512302 0.041842 0.056123
1 0.426238 0.753918 0.083519 0.087413
1 0.566608 0.503636 0.041710 0.054280
1 0.526458 0.497432 0.042281 0.046647
1 0.618466 0.523258 0.050459 0.056177
1 0.297378 0.523893 0.042569 0.044463
1 0.473171 0.518641 0.042987 0.055334
1 0.668411 0.615047 0.052182 0.071929
1 0.216152 0.914434 0.106048 0.161833
1 0.358276 0.503758 0.041309 0.054989
