1 0.549831 0.733488 0.093528 0.106380
1 0.569613 0.506006 0.044295 0.050161
1 0.668803 0.845435 0.098405 0.136239
1 0.426308 0.754318 0.089383 0.099027
1 0.153549 0.596314 0.044352 0.060383
1 0.193451 0.580295 0.043785 0.052977
1 0.123118 0.323496 0.088686 0.094396
1 0.246304 0.914811 0.155119 0.158171
1 0.423902 0.496713 0.042922 0.055606
1 0.316830 0.515534 0.041200 0.049093
1 0.477704 0.524313 0.044310 0.061539
1 0.522107 0.579669 0.046274 0.079679
1 0.356213 0.510332 0.032036 0.047382
1 0.620155 0.528020 0.048038 0.058375
