1 0.554834 0.730014 0.089076 0.109943
1 0.612926 0.527854 0.048889 0.062014
1 0.551695 0.506668 0.047183 0.052262
1 0.670188 0.849869 0.095651 0.130294
1 0.420680 0.510990 0.046240 0.056581
1 0.237556 0.918770 0.150990 0.160184
1 0.423835 0.758762 0.096049 0.100125
1 0.157248 0.592080 0.047217 0.062730
1 0.316916 0.508558 0.041911 0.051598
1 0.192233 0.581752 0.050028 0.057333
1 0.471173 0.518484 0.040461 0.051184
1 0.120185 0.317439 0.084337 0.104033
1 0.359973 0.508850 0.035903 0.052535
1 0.169597 0.588279 0.068497 0.065593
