1 0.670170 0.846910 0.094503 0.129831
1 0.554290 0.722859 0.092536 0.117565
1 0.611147 0.528286 0.049156 0.058745
1 0.552483 0.507817 0.045641 0.049535
1 0.421697 0.762168 0.089423 0.088707
1 0.308413 0.508671 0.049697 0.055833
1 0.356042 0.512319 0.034774 0.051832
1 0.122027 0.323234 0.088038 0.099628
1 0.155932 0.594436 0.047490 0.059020
1 0.470159 0.522168 0.040866 0.056821
1 0.193901 0.581948 0.046785 0.058801
1 0.411338 0.509627 0.058282 0.056992
1 0.508691 0.512558 0.031306 0.044162
1 0.130871 0.696365 0.055487 0.085031
1 0.196232 0.925106 0.111492 0.145355
1 0.191147 0.648784 0.070667 0.113911
