1 0.552675 0.734536 0.096227 0.113840
1 0.682729 0.841072 0.109731 0.154451
1 0.562793 0.511014 0.045568 0.050189
1 0.517658 0.499684 0.040001 0.046973
1 0.471496 0.520354 0.050311 0.061042
1 0.412130 0.750460 0.084484 0.100126
1 0.262056 0.907556 0.148028 0.153063
1 0.377513 0.961167 0.069315 0.076455
1 0.291812 0.526926 0.048895 0.055145
1 0.189821 0.581582 0.052328 0.059154
1 0.416921 0.511256 0.047495 0.067908
1 0.177434 0.587078 0.068997 0.067077
1 0.126389 0.321080 0.094181 0.098645
1 0.168422 0.590216 0.059458 0.066515
