1 0.551429 0.734886 0.095721 0.110984
1 0.680754 0.837846 0.101828 0.142827
1 0.570808 0.505901 0.043166 0.051257
1 0.232872 0.916010 0.118015 0.160667
1 0.616982 0.527546 0.047016 0.058050
1 0.419119 0.751386 0.083095 0.093149
1 0.374931 0.502577 0.045755 0.058369
1 0.167090 0.593683 0.067086 0.068418
1 0.477854 0.522607 0.042979 0.054911
1 0.108015 0.305393 0.087622 0.121939
1 0.157782 0.595142 0.048684 0.066841
1 0.181442 0.588482 0.068380 0.065477
1 0.320048 0.512910 0.045299 0.051267
1 0.460182 0.745329 0.053665 0.110000
