1 0.546256 0.739291 0.091878 0.104692
1 0.670271 0.850613 0.097973 0.131242
1 0.193383 0.579835 0.046245 0.051375
1 0.526493 0.497006 0.043379 0.047018
1 0.672016 0.611179 0.054565 0.076877
1 0.118868 0.310147 0.085862 0.115728
1 0.152432 0.593373 0.044143 0.062362
1 0.424115 0.753684 0.080119 0.085949
1 0.568199 0.503326 0.041502 0.054367
1 0.473540 0.517541 0.044054 0.056634
1 0.423301 0.511868 0.043116 0.056867
1 0.297547 0.523238 0.043413 0.044879
1 0.244701 0.917124 0.164178 0.164808
1 0.618620 0.523967 0.049773 0.056993
