1 0.549590 0.733772 0.094165 0.107541
1 0.569834 0.505329 0.043481 0.049120
1 0.669517 0.846432 0.098840 0.134268
1 0.426083 0.753921 0.089396 0.099471
1 0.153351 0.596691 0.045215 0.061268
1 0.193383 0.580123 0.043784 0.052665
1 0.253276 0.914614 0.169853 0.157674
1 0.423800 0.496970 0.042122 0.055228
1 0.617449 0.527926 0.050522 0.058545
1 0.123132 0.320824 0.087673 0.097527
1 0.317344 0.515227 0.039903 0.048468
1 0.356340 0.510884 0.032272 0.047872
1 0.477496 0.523917 0.044372 0.060760
1 0.521717 0.580773 0.046897 0.079364
