1 0.554821 0.728538 0.090967 0.112375
1 0.551496 0.506090 0.046215 0.051271
1 0.610229 0.526501 0.048050 0.056817
1 0.670978 0.850358 0.096716 0.132728
1 0.421226 0.510920 0.043827 0.055697
1 0.307317 0.508821 0.051363 0.055731
1 0.190964 0.578553 0.048949 0.052289
1 0.122128 0.320262 0.085665 0.097502
1 0.146081 0.592389 0.044194 0.060017
1 0.424051 0.761751 0.094876 0.098616
1 0.232254 0.919904 0.190474 0.159461
1 0.470137 0.518543 0.041779 0.051868
1 0.356132 0.509344 0.034755 0.051583
1 0.509217 0.512486 0.029825 0.044864
