1 0.570611 0.739013 0.093053 0.112081
1 0.895971 0.953238 0.155579 0.092873
1 0.668882 0.524147 0.046720 0.060301
1 0.147351 0.590692 0.049452 0.071203
1 0.574979 0.506985 0.045701 0.055597
1 0.684123 0.892091 0.100747 0.126471
1 0.509323 0.959409 0.093219 0.081001
1 0.613461 0.525140 0.044403 0.057816
1 0.268589 0.510516 0.054913 0.065581
1 0.375017 0.938127 0.070690 0.108097
1 0.124168 0.319420 0.086993 0.097796
1 0.350152 0.521147 0.050666 0.068939
1 0.017679 0.627725 0.035342 0.098486
1 0.408348 0.505140 0.060200 0.055677
