1 0.668842 0.848880 0.095859 0.129216
1 0.618424 0.525586 0.055138 0.056466
1 0.193356 0.579723 0.045455 0.051513
1 0.544145 0.738015 0.086467 0.106086
1 0.563778 0.502902 0.040978 0.054269
1 0.426702 0.755067 0.085870 0.090756
1 0.152615 0.593222 0.042995 0.061086
1 0.121005 0.320430 0.089062 0.100739
1 0.423184 0.513269 0.041730 0.054252
1 0.298345 0.523144 0.041578 0.043676
1 0.473879 0.519373 0.043595 0.055201
1 0.525963 0.496610 0.040350 0.046640
1 0.217291 0.911061 0.102589 0.154750
1 0.363442 0.504455 0.050929 0.054732
