1 0.551573 0.734816 0.092072 0.106891
1 0.671026 0.850598 0.103038 0.135767
1 0.251128 0.914749 0.153641 0.164213
1 0.550871 0.508087 0.046509 0.051254
1 0.425598 0.760485 0.091217 0.091196
1 0.419746 0.512028 0.045249 0.058065
1 0.120069 0.319177 0.086796 0.110123
1 0.618861 0.523919 0.054378 0.060565
1 0.294455 0.526916 0.044396 0.050372
1 0.471087 0.518411 0.042193 0.053667
1 0.172886 0.589975 0.079141 0.071239
1 0.157474 0.591618 0.051887 0.067878
1 0.340588 0.543233 0.039949 0.059240
1 0.185796 0.590079 0.067349 0.072254
