1 0.547072 0.739014 0.091324 0.104184
1 0.679878 0.610612 0.057749 0.076828
1 0.669494 0.846328 0.094656 0.131806
1 0.424795 0.751575 0.080984 0.089308
1 0.422391 0.511807 0.042633 0.056405
1 0.525933 0.496936 0.043269 0.046645
1 0.568549 0.503138 0.040724 0.052155
1 0.151291 0.596123 0.046098 0.065272
1 0.118815 0.315159 0.088443 0.105847
1 0.193005 0.582007 0.045701 0.052938
1 0.473066 0.518220 0.043408 0.054313
1 0.391835 0.508187 0.036334 0.057272
1 0.297105 0.523982 0.042424 0.045388
1 0.354209 0.506665 0.041512 0.050713
1 0.413088 0.510589 0.048102 0.056881
