1 0.551452 0.734813 0.093237 0.109686
1 0.248801 0.913438 0.154108 0.164241
1 0.670608 0.851424 0.100550 0.133478
1 0.550160 0.506406 0.045357 0.050245
1 0.424468 0.760699 0.088738 0.089408
1 0.121249 0.324372 0.087533 0.098101
1 0.417279 0.511146 0.048189 0.057516
1 0.618069 0.522497 0.053958 0.061428
1 0.470740 0.517501 0.040440 0.050548
1 0.294993 0.526080 0.043738 0.052688
1 0.157370 0.592737 0.048949 0.066726
1 0.187200 0.587718 0.064316 0.067943
1 0.016080 0.628228 0.032160 0.092284
1 0.341054 0.541246 0.040184 0.061380
1 0.172211 0.590170 0.075255 0.070398
