1 0.681626 0.840867 0.107883 0.150706
1 0.551508 0.739870 0.095970 0.110112
1 0.411104 0.750327 0.084231 0.100585
1 0.562885 0.512168 0.044391 0.051789
1 0.122111 0.321830 0.088768 0.097735
1 0.469180 0.520144 0.051475 0.064238
1 0.418617 0.512577 0.046562 0.069874
1 0.170924 0.588993 0.068720 0.066774
1 0.517143 0.500771 0.044608 0.050768
1 0.218411 0.911336 0.069361 0.136213
1 0.180755 0.584877 0.068963 0.065032
1 0.271597 0.906311 0.098597 0.134980
1 0.161534 0.590704 0.051559 0.065071
1 0.371126 0.944594 0.075961 0.097725
