1 0.565750 0.742169 0.091906 0.114676
1 0.682805 0.872825 0.093340 0.126236
1 0.429064 0.743638 0.079457 0.091402
1 0.182729 0.582408 0.069081 0.069475
1 0.574642 0.508948 0.045655 0.050211
1 0.210103 0.922239 0.162203 0.155500
1 0.354773 0.510649 0.039861 0.048258
1 0.463346 0.503666 0.045707 0.051537
1 0.120472 0.314120 0.089027 0.108619
1 0.515307 0.556077 0.048362 0.061969
1 0.611275 0.522097 0.042055 0.054248
1 0.295808 0.527794 0.053630 0.062302
1 0.331681 0.938650 0.095638 0.122699
1 0.013836 0.612878 0.027611 0.114185
