1 0.565569 0.742734 0.093552 0.116881
1 0.685096 0.850497 0.104725 0.145464
1 0.696456 0.608381 0.059558 0.085065
1 0.181810 0.585010 0.069512 0.072462
1 0.427205 0.747999 0.081632 0.094008
1 0.612077 0.524096 0.047521 0.054077
1 0.292724 0.521936 0.047901 0.053037
1 0.562985 0.516581 0.048182 0.051430
1 0.353275 0.512261 0.037934 0.049912
1 0.211364 0.925127 0.155333 0.149631
1 0.634322 0.592855 0.055535 0.057798
1 0.122301 0.321589 0.089115 0.100719
1 0.510002 0.555885 0.041751 0.058612
1 0.374666 0.941229 0.075990 0.100429
