1 0.553064 0.727535 0.090284 0.112788
1 0.569085 0.504916 0.046423 0.054212
1 0.235661 0.915979 0.135904 0.167334
1 0.303846 0.504933 0.045813 0.050552
1 0.422767 0.756060 0.093918 0.094650
1 0.668158 0.845000 0.097683 0.137588
1 0.192856 0.575961 0.043833 0.050759
1 0.150282 0.596873 0.044067 0.061237
1 0.621366 0.528525 0.054285 0.067606
1 0.358484 0.506328 0.044578 0.051923
1 0.432059 0.494052 0.044189 0.058253
1 0.478612 0.524166 0.046482 0.058648
1 0.017952 0.635470 0.035886 0.082941
1 0.425892 0.509058 0.047774 0.053376
1 0.119863 0.312985 0.085319 0.116954
