1 0.561887 0.718509 0.092078 0.122863
1 0.129499 0.561443 0.046744 0.064188
1 0.555469 0.509040 0.046889 0.049496
1 0.665547 0.861863 0.093201 0.134403
1 0.184220 0.580376 0.056282 0.064656
1 0.440137 0.718725 0.088415 0.102365
1 0.427440 0.517648 0.048347 0.063804
1 0.609953 0.523771 0.044274 0.052952
1 0.646060 0.515465 0.041836 0.052325
1 0.118891 0.314440 0.084649 0.110924
1 0.382896 0.495796 0.046002 0.051908
1 0.478556 0.524871 0.049886 0.058814
1 0.171167 0.914214 0.082281 0.144845
1 0.638474 0.518368 0.051473 0.052914
