1 0.566301 0.743352 0.092301 0.116855
1 0.685743 0.850779 0.105132 0.140258
1 0.699748 0.606169 0.059418 0.085319
1 0.181483 0.584570 0.068909 0.071662
1 0.427205 0.748029 0.081122 0.092882
1 0.292547 0.521673 0.047520 0.052017
1 0.562574 0.516847 0.048419 0.051774
1 0.611855 0.524949 0.047483 0.053376
1 0.210197 0.925427 0.154048 0.149145
1 0.634769 0.591945 0.056339 0.059580
1 0.353598 0.513275 0.037117 0.049717
1 0.460691 0.524787 0.056903 0.071482
1 0.508856 0.555621 0.042430 0.059224
1 0.123126 0.320938 0.089231 0.101805
1 0.375592 0.943241 0.075013 0.098076
