1 0.554055 0.730487 0.090544 0.111305
1 0.613997 0.527723 0.048515 0.060710
1 0.240167 0.917891 0.150807 0.162002
1 0.551460 0.506414 0.046713 0.052735
1 0.670546 0.849586 0.096024 0.130944
1 0.420857 0.510309 0.045448 0.054393
1 0.123927 0.320896 0.089514 0.100223
1 0.324804 0.506186 0.035255 0.046536
1 0.424159 0.758426 0.095961 0.101331
1 0.158486 0.591152 0.048120 0.064043
1 0.471167 0.518107 0.041526 0.051391
1 0.188206 0.583792 0.057903 0.062383
1 0.170869 0.587845 0.069707 0.066847
1 0.361532 0.508590 0.035015 0.051801
