1 0.681714 0.839717 0.108291 0.148414
1 0.509977 0.487788 0.035970 0.051343
1 0.560712 0.510129 0.047692 0.054072
1 0.122431 0.320081 0.091713 0.095112
1 0.550289 0.740456 0.099134 0.109434
1 0.411420 0.749300 0.082775 0.097950
1 0.468627 0.520661 0.049904 0.061940
1 0.246166 0.909538 0.114274 0.151203
1 0.418507 0.515212 0.048365 0.066404
1 0.378955 0.952895 0.070746 0.092623
1 0.168622 0.592972 0.068905 0.070127
1 0.619105 0.528505 0.054668 0.057030
1 0.184346 0.587007 0.065891 0.068714
1 0.157436 0.595570 0.047811 0.067100
