1 0.568466 0.734351 0.089990 0.121439
1 0.429757 0.742736 0.078126 0.091275
1 0.681341 0.872839 0.093085 0.122388
1 0.574452 0.508028 0.044408 0.049542
1 0.461226 0.501984 0.044357 0.047957
1 0.182675 0.583852 0.067597 0.069293
1 0.340087 0.936419 0.117621 0.127064
1 0.352944 0.511708 0.038587 0.048496
1 0.120257 0.320084 0.086969 0.096743
1 0.514305 0.557739 0.048207 0.058794
1 0.211213 0.922299 0.156080 0.155109
1 0.256078 0.953027 0.077622 0.093762
1 0.610763 0.517374 0.040836 0.048866
1 0.014698 0.608874 0.029395 0.100198
1 0.295941 0.532107 0.053382 0.061214
