1 0.551919 0.735135 0.092533 0.108321
1 0.249793 0.913834 0.152281 0.164462
1 0.671128 0.850930 0.101726 0.134415
1 0.550476 0.508133 0.046842 0.052991
1 0.424961 0.760311 0.088903 0.090423
1 0.417914 0.511489 0.047837 0.057206
1 0.618819 0.522391 0.054759 0.060955
1 0.121337 0.323699 0.087564 0.099468
1 0.471089 0.517311 0.041380 0.050914
1 0.293868 0.527653 0.047415 0.056376
1 0.156190 0.592632 0.048508 0.066147
1 0.188984 0.586189 0.059274 0.064997
1 0.016724 0.627939 0.033449 0.091607
1 0.341638 0.542555 0.040525 0.060601
1 0.169199 0.589899 0.072086 0.069008
