1 0.554510 0.722057 0.092768 0.117654
1 0.610412 0.528677 0.048801 0.058538
1 0.670926 0.848127 0.095345 0.130742
1 0.552571 0.507909 0.045181 0.049009
1 0.421917 0.761421 0.089931 0.089784
1 0.151061 0.593502 0.046131 0.058639
1 0.415739 0.511474 0.048706 0.054584
1 0.308531 0.508244 0.048911 0.056195
1 0.193952 0.580871 0.045959 0.056801
1 0.469637 0.520845 0.041453 0.056459
1 0.195124 0.924812 0.107896 0.144698
1 0.356313 0.511366 0.035051 0.050593
1 0.122248 0.321967 0.087357 0.099616
1 0.508776 0.512331 0.031713 0.043826
1 0.191252 0.648153 0.071537 0.114864
1 0.131230 0.698131 0.058569 0.080752
1 0.025657 0.705732 0.051314 0.170861
