1 0.551933 0.731048 0.096520 0.118797
1 0.679105 0.839265 0.103073 0.139165
1 0.560832 0.508074 0.043374 0.050330
1 0.518565 0.490503 0.042877 0.046829
1 0.467631 0.517368 0.046189 0.058338
1 0.409797 0.750969 0.079722 0.091545
1 0.291632 0.535077 0.054742 0.071291
1 0.358094 0.503819 0.044747 0.059027
1 0.282426 0.907577 0.112578 0.139051
1 0.217162 0.908140 0.058639 0.126285
1 0.620698 0.526210 0.057815 0.057556
1 0.122150 0.312050 0.090688 0.113070
1 0.175174 0.589375 0.072603 0.067642
1 0.185878 0.586394 0.063138 0.063757
