1 0.668566 0.849360 0.095757 0.130669
1 0.554107 0.504983 0.040400 0.048716
1 0.297116 0.522571 0.041432 0.044876
1 0.471356 0.518572 0.043786 0.055368
1 0.421661 0.513421 0.043082 0.057121
1 0.116499 0.315618 0.079895 0.108137
1 0.544443 0.737862 0.085624 0.107092
1 0.154297 0.591245 0.047122 0.066089
1 0.424771 0.761581 0.089323 0.091673
1 0.192819 0.583170 0.050010 0.058596
1 0.218614 0.910327 0.102510 0.151938
1 0.240189 0.912242 0.146154 0.153638
1 0.619344 0.526646 0.057075 0.060810
1 0.164150 0.588315 0.064378 0.066446
