1 0.894216 0.876720 0.131614 0.159121
1 0.979120 0.437510 0.041759 0.108030
1 0.541768 0.471653 0.055969 0.085858
1 0.902228 0.395417 0.045622 0.071594
1 0.632329 0.340840 0.055557 0.104833
1 0.202083 0.352845 0.088005 0.108150
1 0.443444 0.515022 0.054955 0.097619
1 0.833914 0.551598 0.061368 0.090171
1 0.476280 0.410487 0.047190 0.066502
1 0.836983 0.368238 0.049352 0.064403
1 0.919900 0.460603 0.070242 0.104140
1 0.530737 0.671762 0.083023 0.092073
1 0.669470 0.318835 0.041383 0.070188
1 0.735628 0.314480 0.071159 0.079945
