1 0.835964 0.549967 0.066257 0.097956
1 0.889932 0.869772 0.136974 0.159569
1 0.429881 0.524552 0.081185 0.112375
1 0.523357 0.647198 0.073607 0.093721
1 0.347379 0.383899 0.052329 0.070064
1 0.977629 0.425621 0.044731 0.110613
1 0.203707 0.348664 0.094445 0.110388
1 0.673107 0.590179 0.064852 0.097182
1 0.623118 0.371118 0.045545 0.071380
1 0.474173 0.410669 0.049407 0.069491
1 0.260805 0.450692 0.039210 0.058944
1 0.837115 0.363846 0.049722 0.072373
1 0.221849 0.406490 0.048053 0.072020
1 0.535657 0.473871 0.068844 0.110751
