1 0.834875 0.554093 0.062838 0.096584
1 0.954496 0.835905 0.090677 0.160256
1 0.348232 0.382154 0.050696 0.063694
1 0.426924 0.533086 0.077659 0.103897
1 0.834746 0.364130 0.047474 0.063470
1 0.449600 0.373436 0.059294 0.075810
1 0.202571 0.361089 0.091336 0.117312
1 0.981228 0.443039 0.037544 0.114523
1 0.528247 0.669323 0.082762 0.094837
1 0.555381 0.358418 0.045273 0.064209
1 0.899604 0.396373 0.044402 0.071312
1 0.621400 0.371407 0.043325 0.076022
1 0.731786 0.311622 0.059466 0.078282
1 0.943080 0.434348 0.045849 0.095248
