1 0.834883 0.554896 0.059116 0.094846
1 0.429039 0.530449 0.076636 0.103580
1 0.348483 0.380660 0.050088 0.063481
1 0.962393 0.841159 0.075177 0.152803
1 0.980581 0.439738 0.038838 0.112771
1 0.834105 0.368598 0.048771 0.071562
1 0.527945 0.666498 0.069602 0.095145
1 0.944717 0.441131 0.048370 0.102241
1 0.622996 0.373467 0.048234 0.074552
1 0.900401 0.391484 0.042873 0.060497
1 0.556252 0.358569 0.044921 0.065054
1 0.701781 0.438641 0.066270 0.087701
1 0.448538 0.374757 0.053805 0.070789
1 0.201527 0.356362 0.086280 0.114017
