1 0.835395 0.555175 0.059678 0.095243
1 0.960913 0.846700 0.078173 0.164152
1 0.348388 0.380843 0.049798 0.063220
1 0.428406 0.532104 0.077051 0.103769
1 0.834739 0.368546 0.049111 0.070006
1 0.980969 0.441020 0.038062 0.114780
1 0.703744 0.441012 0.064919 0.083539
1 0.623513 0.374585 0.047852 0.074297
1 0.201471 0.360189 0.089804 0.121742
1 0.555414 0.360146 0.042360 0.063291
1 0.525775 0.670221 0.070397 0.089038
1 0.779430 0.407331 0.062946 0.123076
1 0.446774 0.375955 0.052341 0.070289
1 0.901001 0.393222 0.043304 0.063583
