1 0.834876 0.548915 0.066374 0.094201
1 0.890135 0.873572 0.134658 0.163626
1 0.915987 0.370765 0.064386 0.096257
1 0.978750 0.434507 0.042500 0.100622
1 0.420251 0.523000 0.076968 0.110361
1 0.530477 0.641424 0.073129 0.100100
1 0.213795 0.512327 0.068980 0.098747
1 0.399535 0.322017 0.046274 0.061092
1 0.622108 0.367463 0.044281 0.073925
1 0.535971 0.521120 0.079535 0.153995
1 0.349226 0.387055 0.056906 0.071927
1 0.710405 0.394978 0.054145 0.117668
1 0.200580 0.346671 0.083664 0.098409
1 0.667799 0.324342 0.048310 0.097744
