1 0.836060 0.554205 0.063515 0.095215
1 0.347691 0.382821 0.052408 0.064976
1 0.426531 0.532066 0.078155 0.104378
1 0.980819 0.442085 0.038362 0.113763
1 0.834561 0.363430 0.046970 0.068661
1 0.911638 0.861740 0.120003 0.165652
1 0.450942 0.371356 0.062542 0.083086
1 0.200030 0.357769 0.082371 0.119233
1 0.527309 0.669944 0.082982 0.095418
1 0.556004 0.360292 0.046954 0.064159
1 0.900213 0.402738 0.042969 0.083644
1 0.943098 0.438600 0.048767 0.095736
1 0.733611 0.312049 0.062621 0.082121
1 0.940787 0.445930 0.063279 0.103581
