1 0.836689 0.554622 0.058839 0.093480
1 0.900116 0.906499 0.158374 0.186899
1 0.832645 0.368077 0.045342 0.071671
1 0.981448 0.438787 0.037104 0.108104
1 0.348951 0.382130 0.050946 0.064351
1 0.622326 0.372857 0.046414 0.071941
1 0.446637 0.374997 0.058230 0.075986
1 0.973033 0.915065 0.053934 0.135750
1 0.420094 0.543171 0.075064 0.087714
1 0.529620 0.661508 0.081755 0.107403
1 0.198167 0.360500 0.082920 0.121266
1 0.901422 0.395457 0.041570 0.068671
1 0.942113 0.432606 0.043914 0.093168
1 0.655765 0.574146 0.067330 0.101446
1 0.558164 0.360202 0.042677 0.066066
