1 0.833990 0.552104 0.066659 0.095748
1 0.891006 0.867797 0.128838 0.155374
1 0.431233 0.518758 0.083099 0.120043
1 0.523801 0.649856 0.075220 0.100393
1 0.622938 0.369976 0.046175 0.070228
1 0.978349 0.429753 0.043259 0.103300
1 0.348519 0.386660 0.054469 0.073374
1 0.474494 0.410618 0.050534 0.069056
1 0.203009 0.348921 0.095632 0.109994
1 0.836923 0.362265 0.052030 0.067479
1 0.666920 0.587684 0.070014 0.092844
1 0.220693 0.405860 0.050718 0.074226
1 0.262423 0.450859 0.037808 0.060338
1 0.232128 0.494488 0.097547 0.132731
