1 0.836638 0.553904 0.058348 0.092183
1 0.831822 0.368689 0.043723 0.073243
1 0.528143 0.665622 0.077995 0.097400
1 0.981372 0.444044 0.037255 0.122239
1 0.348377 0.381346 0.050389 0.064607
1 0.447264 0.373608 0.059973 0.078246
1 0.419647 0.542196 0.075326 0.090510
1 0.900828 0.391461 0.041303 0.064046
1 0.965411 0.903415 0.068554 0.134555
1 0.199848 0.362652 0.089687 0.127977
1 0.942498 0.435458 0.044829 0.096515
1 0.660137 0.413372 0.040778 0.089345
1 0.655201 0.573803 0.069871 0.101745
1 0.557644 0.359915 0.041623 0.065636
