1 0.835710 0.554182 0.063404 0.095838
1 0.347714 0.383988 0.053584 0.065970
1 0.426065 0.531138 0.076955 0.103142
1 0.980728 0.443286 0.038544 0.114405
1 0.834667 0.364134 0.045548 0.066110
1 0.450977 0.371107 0.061823 0.082337
1 0.921659 0.859417 0.126289 0.186179
1 0.201179 0.358732 0.086340 0.120523
1 0.555592 0.359747 0.046927 0.064144
1 0.734255 0.311082 0.062520 0.081871
1 0.527260 0.670482 0.083156 0.094625
1 0.899726 0.395357 0.041549 0.070606
1 0.943165 0.436847 0.047262 0.098366
1 0.621541 0.371198 0.044413 0.080336
