1 0.835376 0.554200 0.059220 0.093610
1 0.959878 0.850408 0.080184 0.173393
1 0.348717 0.382722 0.051492 0.064142
1 0.428965 0.533617 0.076921 0.102836
1 0.832699 0.367930 0.047556 0.072571
1 0.981200 0.441708 0.037599 0.112906
1 0.623530 0.374539 0.048896 0.075402
1 0.525713 0.669388 0.069069 0.088717
1 0.901309 0.393104 0.041838 0.063690
1 0.202693 0.358700 0.088689 0.115920
1 0.556542 0.360797 0.043041 0.062625
1 0.445875 0.375401 0.052332 0.069154
1 0.402835 0.322882 0.042097 0.061911
1 0.778534 0.409825 0.060970 0.123721
1 0.944268 0.444063 0.049929 0.105607
