1 0.835445 0.553700 0.058298 0.093802
1 0.962562 0.860771 0.074780 0.145146
1 0.349275 0.383560 0.051991 0.065088
1 0.426956 0.535512 0.075380 0.097992
1 0.833747 0.366878 0.048786 0.071627
1 0.981208 0.440437 0.037584 0.109205
1 0.524383 0.672253 0.068546 0.084051
1 0.624244 0.374094 0.049465 0.076107
1 0.402904 0.322673 0.041260 0.062150
1 0.447268 0.375737 0.052134 0.068978
1 0.901163 0.392819 0.042032 0.063998
1 0.200529 0.359100 0.087959 0.120298
1 0.555686 0.360043 0.041460 0.062258
1 0.942241 0.435635 0.043135 0.097063
