1 0.836412 0.554956 0.060521 0.095486
1 0.527714 0.665704 0.074854 0.095623
1 0.348750 0.382548 0.051267 0.064698
1 0.980524 0.442652 0.038952 0.116965
1 0.420137 0.541138 0.076765 0.096769
1 0.832555 0.367835 0.044605 0.071019
1 0.446214 0.375277 0.057014 0.073478
1 0.959988 0.895782 0.079822 0.136632
1 0.901001 0.391303 0.040872 0.062784
1 0.949838 0.905096 0.100324 0.157950
1 0.199906 0.359130 0.085477 0.122315
1 0.941787 0.436727 0.044399 0.097212
1 0.402956 0.323896 0.042294 0.062452
1 0.558870 0.360541 0.045035 0.064875
