1 0.836330 0.553447 0.058250 0.093342
1 0.527818 0.665001 0.076964 0.098329
1 0.348515 0.381674 0.050337 0.065335
1 0.981091 0.442287 0.037818 0.118895
1 0.832236 0.367918 0.043905 0.071229
1 0.420026 0.542437 0.074671 0.089500
1 0.900893 0.390389 0.041046 0.061209
1 0.446703 0.374526 0.058877 0.076807
1 0.933329 0.911812 0.133343 0.167184
1 0.956179 0.904760 0.087369 0.149395
1 0.942667 0.434915 0.044736 0.096252
1 0.199467 0.363334 0.088447 0.127883
1 0.654248 0.574053 0.066945 0.101220
1 0.557730 0.359452 0.042818 0.066329
