1 0.836262 0.554432 0.061706 0.094231
1 0.348902 0.383145 0.054379 0.066996
1 0.980943 0.442747 0.038114 0.114722
1 0.425403 0.531846 0.076459 0.103551
1 0.832613 0.366053 0.044954 0.070409
1 0.201816 0.357226 0.087783 0.116276
1 0.532083 0.669646 0.075372 0.086677
1 0.881542 0.908769 0.160951 0.180353
1 0.943266 0.437804 0.048820 0.097965
1 0.732653 0.311716 0.060192 0.078827
1 0.899301 0.417061 0.045005 0.111991
1 0.558186 0.360284 0.046842 0.064469
1 0.449592 0.371024 0.060974 0.082402
1 0.938861 0.447137 0.068622 0.108523
