1 0.835541 0.554269 0.061743 0.094731
1 0.958320 0.838106 0.083184 0.171223
1 0.428029 0.530284 0.077440 0.106340
1 0.979941 0.440691 0.040118 0.111571
1 0.835346 0.365747 0.049693 0.064197
1 0.622398 0.371406 0.046337 0.071097
1 0.349245 0.382106 0.052149 0.063823
1 0.529900 0.668962 0.079590 0.090989
1 0.898314 0.390927 0.043941 0.062598
1 0.728599 0.313508 0.051031 0.069310
1 0.945019 0.443656 0.050416 0.100641
1 0.200673 0.360693 0.089904 0.122932
1 0.558089 0.356687 0.049079 0.068977
1 0.644667 0.567173 0.092206 0.131561
