1 0.835919 0.550061 0.065263 0.096745
1 0.889997 0.869924 0.137079 0.159416
1 0.429664 0.527037 0.080852 0.112698
1 0.524051 0.645421 0.074849 0.097433
1 0.347880 0.384331 0.053346 0.071003
1 0.977822 0.427331 0.044356 0.106832
1 0.203158 0.348266 0.092823 0.109150
1 0.671028 0.589962 0.064983 0.096232
1 0.623082 0.371092 0.045362 0.070016
1 0.261261 0.450406 0.038859 0.059057
1 0.222056 0.405870 0.047449 0.070691
1 0.536001 0.475051 0.068910 0.108750
1 0.836009 0.362868 0.047902 0.070492
1 0.473994 0.410357 0.050398 0.069942
