1 0.835649 0.554671 0.059974 0.094770
1 0.959649 0.872290 0.080541 0.132273
1 0.834457 0.366242 0.049190 0.071420
1 0.349091 0.380811 0.049451 0.063276
1 0.423424 0.536178 0.074305 0.098098
1 0.981152 0.439770 0.037696 0.111803
1 0.524805 0.669215 0.071457 0.088498
1 0.446997 0.374747 0.055441 0.071960
1 0.200979 0.358814 0.086265 0.119439
1 0.403335 0.323524 0.042117 0.061605
1 0.557020 0.359966 0.044986 0.064530
1 0.623232 0.373652 0.049179 0.075316
1 0.901349 0.395868 0.043095 0.068746
1 0.941476 0.438555 0.044168 0.100024
