1 0.835678 0.553813 0.058211 0.093406
1 0.349353 0.382945 0.051846 0.064323
1 0.960460 0.873176 0.078997 0.151390
1 0.832782 0.367471 0.046293 0.071279
1 0.425530 0.536346 0.074079 0.094662
1 0.980808 0.438684 0.038384 0.108114
1 0.524165 0.672158 0.069701 0.085722
1 0.447248 0.374452 0.055208 0.071281
1 0.901129 0.393726 0.042488 0.065864
1 0.623745 0.373639 0.048461 0.075437
1 0.202650 0.362142 0.092146 0.117583
1 0.555858 0.359881 0.042297 0.062582
1 0.941732 0.436498 0.042949 0.096729
1 0.402927 0.322689 0.041934 0.060395
