1 0.834314 0.548319 0.065117 0.092728
1 0.890842 0.872906 0.138533 0.160659
1 0.979190 0.433833 0.041619 0.102600
1 0.420175 0.522975 0.079615 0.112627
1 0.532700 0.639106 0.075535 0.102547
1 0.399177 0.322246 0.045468 0.059680
1 0.212737 0.516866 0.069349 0.090993
1 0.621461 0.365737 0.043874 0.074281
1 0.918620 0.371091 0.068674 0.099625
1 0.537887 0.519785 0.082494 0.154307
1 0.200921 0.346451 0.084939 0.099648
1 0.661211 0.581392 0.064870 0.091350
1 0.348494 0.386002 0.055268 0.072487
1 0.447834 0.373985 0.052067 0.067227
