1 0.834451 0.549674 0.065241 0.093107
1 0.420260 0.521616 0.075999 0.111748
1 0.887787 0.874569 0.140126 0.168129
1 0.978339 0.433325 0.043322 0.099552
1 0.531246 0.640443 0.073454 0.098082
1 0.915261 0.364729 0.062800 0.081864
1 0.621839 0.370664 0.044308 0.072340
1 0.399960 0.322126 0.045744 0.062039
1 0.535665 0.512184 0.080121 0.164980
1 0.348172 0.385479 0.054182 0.072024
1 0.920487 0.441918 0.078889 0.116394
1 0.200094 0.346950 0.084225 0.100256
1 0.677493 0.328490 0.052872 0.091256
1 0.453603 0.369443 0.062292 0.081886
