1 0.900374 0.909384 0.163703 0.181144
1 0.836745 0.554966 0.058372 0.092971
1 0.832338 0.368255 0.045110 0.071457
1 0.981027 0.444124 0.037946 0.120762
1 0.349031 0.382683 0.050879 0.064484
1 0.447052 0.374673 0.058417 0.077127
1 0.622163 0.373380 0.046880 0.072166
1 0.419425 0.543468 0.076305 0.091397
1 0.969746 0.907329 0.060509 0.130301
1 0.901197 0.393953 0.042677 0.066829
1 0.528003 0.663526 0.081952 0.107014
1 0.198446 0.362019 0.083934 0.123475
1 0.655719 0.573795 0.069352 0.104209
1 0.942696 0.433500 0.043899 0.094645
1 0.557768 0.360035 0.041891 0.064760
