1 0.836392 0.554486 0.060261 0.094443
1 0.348649 0.381291 0.050939 0.065582
1 0.834441 0.365907 0.048400 0.070350
1 0.960139 0.883982 0.079439 0.122718
1 0.980678 0.439694 0.038643 0.110564
1 0.422367 0.539522 0.073727 0.091957
1 0.524593 0.669408 0.070097 0.086605
1 0.446782 0.374528 0.055612 0.071719
1 0.403109 0.323548 0.042110 0.061861
1 0.901204 0.393255 0.041053 0.062282
1 0.940965 0.438011 0.043798 0.093355
1 0.557778 0.360558 0.044718 0.063266
1 0.947108 0.896254 0.105785 0.148920
1 0.200753 0.357169 0.084131 0.114915
