1 0.835044 0.554047 0.061423 0.095731
1 0.428531 0.530930 0.078106 0.105042
1 0.960575 0.837089 0.078559 0.170332
1 0.622118 0.373303 0.047186 0.071953
1 0.834595 0.366948 0.049070 0.070559
1 0.979680 0.441800 0.040640 0.115388
1 0.348099 0.383136 0.051087 0.062586
1 0.200870 0.360607 0.094147 0.115799
1 0.555266 0.359671 0.044516 0.065465
1 0.530042 0.671227 0.078459 0.090681
1 0.899164 0.391315 0.042770 0.061795
1 0.447087 0.373793 0.054485 0.072062
1 0.941524 0.439755 0.044777 0.101558
1 0.679788 0.315379 0.037539 0.061003
