1 0.836674 0.554346 0.057926 0.093379
1 0.831771 0.369016 0.043674 0.071740
1 0.980980 0.442347 0.038039 0.116512
1 0.348843 0.382900 0.051708 0.065342
1 0.447239 0.374025 0.060735 0.078853
1 0.907536 0.911337 0.182862 0.177295
1 0.419672 0.542397 0.075757 0.089535
1 0.900673 0.390858 0.041710 0.061729
1 0.529363 0.663311 0.079636 0.101654
1 0.622783 0.373123 0.047591 0.072881
1 0.942555 0.434134 0.044599 0.094505
1 0.655495 0.573499 0.070397 0.104755
1 0.198398 0.362977 0.085194 0.125839
1 0.660435 0.415219 0.039846 0.086432
