1 0.891148 0.872616 0.137885 0.157550
1 0.835635 0.552461 0.060119 0.089733
1 0.838820 0.363555 0.048630 0.066206
1 0.349777 0.387791 0.057056 0.073725
1 0.441616 0.512608 0.062282 0.106564
1 0.900101 0.398840 0.048317 0.078115
1 0.531667 0.664076 0.077794 0.099555
1 0.477305 0.414633 0.044409 0.063386
1 0.978029 0.439626 0.043942 0.114279
1 0.540455 0.473474 0.057141 0.095719
1 0.208965 0.506573 0.074106 0.113367
1 0.561181 0.360718 0.048708 0.063972
1 0.200572 0.352095 0.081322 0.106860
1 0.628543 0.348231 0.050356 0.103661
1 0.669265 0.317857 0.039429 0.067179
