1 0.835362 0.555771 0.060063 0.096014
1 0.429146 0.530888 0.077581 0.105214
1 0.348025 0.380597 0.049369 0.063059
1 0.980500 0.440270 0.039001 0.112904
1 0.961272 0.834998 0.077233 0.180312
1 0.834104 0.369207 0.048303 0.070470
1 0.527007 0.666715 0.072452 0.094420
1 0.623157 0.374763 0.047537 0.074591
1 0.701897 0.439257 0.065226 0.087435
1 0.900498 0.390952 0.043202 0.059197
1 0.200846 0.358111 0.087041 0.118623
1 0.945727 0.442793 0.048117 0.106244
1 0.447137 0.375246 0.052706 0.071316
1 0.555249 0.360105 0.043123 0.063930
