1 0.891413 0.876539 0.136002 0.157467
1 0.834481 0.552785 0.060353 0.090430
1 0.903142 0.396679 0.048537 0.074237
1 0.632965 0.339422 0.054058 0.110559
1 0.839023 0.365039 0.051898 0.065723
1 0.978557 0.438318 0.042885 0.112148
1 0.442993 0.513193 0.056922 0.100940
1 0.476255 0.413346 0.046511 0.065749
1 0.541818 0.473820 0.055243 0.089001
1 0.199992 0.354209 0.084373 0.111920
1 0.350585 0.386607 0.054579 0.067807
1 0.530459 0.666101 0.084259 0.101767
1 0.734588 0.313116 0.068381 0.077089
1 0.209088 0.512112 0.072248 0.103828
