1 0.928746 0.842628 0.122396 0.134732
1 0.393965 0.532702 0.074386 0.106326
1 0.635180 0.558578 0.079529 0.130620
1 0.187105 0.519094 0.060523 0.092651
1 0.832694 0.363501 0.039425 0.063083
1 0.233649 0.410018 0.053019 0.070327
1 0.189428 0.449197 0.037638 0.060589
1 0.901671 0.387430 0.043311 0.056924
1 0.979881 0.435174 0.040238 0.103810
1 0.623833 0.374613 0.047580 0.087644
1 0.945925 0.428672 0.046300 0.080419
1 0.529322 0.655627 0.068365 0.104865
1 0.862439 0.380255 0.032366 0.056283
1 0.397127 0.322664 0.044119 0.053385
