1 0.926956 0.848430 0.126071 0.133190
1 0.185543 0.514333 0.067633 0.108354
1 0.838588 0.359400 0.053428 0.061572
1 0.390677 0.531538 0.067721 0.102387
1 0.979836 0.432876 0.040327 0.103097
1 0.622480 0.370107 0.047750 0.074073
1 0.396296 0.319378 0.044494 0.052984
1 0.839096 0.554686 0.055558 0.095515
1 0.901417 0.390760 0.045149 0.060228
1 0.642850 0.553277 0.061449 0.110879
1 0.494418 0.652537 0.076196 0.112269
1 0.942949 0.426652 0.043809 0.089505
1 0.617050 0.581239 0.053568 0.094515
1 0.428336 0.379113 0.039053 0.063367
1 0.182371 0.438646 0.050320 0.061254
