1 0.927729 0.840047 0.126954 0.141035
1 0.622740 0.375271 0.048124 0.080660
1 0.184563 0.516578 0.062854 0.098227
1 0.398366 0.542385 0.082643 0.120252
1 0.184059 0.449275 0.042184 0.064819
1 0.567047 0.313601 0.048040 0.058347
1 0.833180 0.360498 0.044881 0.065307
1 0.133033 0.377599 0.040672 0.061784
1 0.634037 0.565373 0.074549 0.122133
1 0.433542 0.375966 0.042443 0.059440
1 0.981604 0.432630 0.036793 0.096215
1 0.390362 0.321422 0.042112 0.050898
1 0.941250 0.431533 0.051431 0.089433
1 0.130248 0.366384 0.042400 0.070895
1 0.839489 0.550493 0.054140 0.096379
1 0.231317 0.402976 0.049197 0.069574
1 0.897927 0.390309 0.038301 0.059121
