1 0.929634 0.847167 0.127163 0.138981
1 0.402229 0.523582 0.084677 0.115656
1 0.837911 0.358864 0.050153 0.060695
1 0.839556 0.555340 0.057214 0.098397
1 0.384166 0.323833 0.045456 0.057127
1 0.901029 0.390828 0.043498 0.063399
1 0.624700 0.370493 0.049860 0.083448
1 0.563213 0.314006 0.047010 0.064627
1 0.432963 0.375227 0.045001 0.060000
1 0.187294 0.513413 0.064594 0.099732
1 0.979862 0.434802 0.040277 0.102104
1 0.182975 0.439493 0.047057 0.061032
1 0.660611 0.573076 0.072966 0.100144
1 0.943717 0.431109 0.048261 0.088617
1 0.127313 0.364809 0.042765 0.073490
