1 0.406228 0.515233 0.067793 0.091381
1 0.904272 0.911258 0.152320 0.176374
1 0.838154 0.552284 0.061696 0.105196
1 0.633467 0.565737 0.082503 0.121218
1 0.490137 0.642105 0.085823 0.115849
1 0.832835 0.362731 0.047631 0.068584
1 0.974685 0.429697 0.050630 0.095804
1 0.622058 0.375573 0.044206 0.084353
1 0.660276 0.299659 0.038212 0.047287
1 0.397058 0.321928 0.042329 0.055598
1 0.575210 0.370266 0.053758 0.065118
1 0.201862 0.352410 0.096956 0.106223
1 0.937888 0.422104 0.041388 0.080273
1 0.562791 0.368342 0.047397 0.062435
