1 0.929297 0.845079 0.118620 0.134595
1 0.394300 0.532565 0.076630 0.106885
1 0.624113 0.376357 0.049425 0.085928
1 0.186311 0.509403 0.063700 0.108827
1 0.978998 0.432362 0.042003 0.109963
1 0.184190 0.447546 0.045716 0.062003
1 0.475155 0.408615 0.056015 0.065980
1 0.233783 0.411855 0.056513 0.077787
1 0.840629 0.360223 0.055362 0.068593
1 0.838793 0.552874 0.056695 0.098010
1 0.635507 0.563737 0.079121 0.122798
1 0.394876 0.322238 0.045040 0.055146
1 0.910787 0.388845 0.047910 0.068722
1 0.567072 0.330999 0.054043 0.066383
