1 0.928246 0.847061 0.130287 0.137052
1 0.406095 0.519648 0.069663 0.104831
1 0.637603 0.557737 0.078478 0.122639
1 0.187813 0.521137 0.064710 0.091512
1 0.901916 0.387528 0.043745 0.060477
1 0.435413 0.376403 0.047153 0.057532
1 0.838363 0.360256 0.051500 0.063630
1 0.838807 0.555370 0.057127 0.101378
1 0.980765 0.435049 0.038470 0.101417
1 0.624249 0.371346 0.048167 0.079988
1 0.568862 0.318918 0.045654 0.055016
1 0.516513 0.666633 0.073663 0.097376
1 0.386196 0.321913 0.046465 0.054441
1 0.941581 0.430007 0.046212 0.082559
1 0.126810 0.369965 0.042805 0.070538
1 0.377340 0.382281 0.059549 0.061168
