1 0.928297 0.847735 0.129480 0.136744
1 0.409761 0.517688 0.072116 0.100617
1 0.384301 0.323917 0.049043 0.057850
1 0.187942 0.520059 0.066700 0.095772
1 0.648588 0.561240 0.075969 0.124087
1 0.838692 0.360007 0.052520 0.064120
1 0.839057 0.554617 0.055970 0.099119
1 0.900956 0.387678 0.043829 0.060012
1 0.567991 0.314516 0.044532 0.055000
1 0.434073 0.375525 0.045206 0.059127
1 0.624699 0.371503 0.049335 0.082289
1 0.979483 0.435949 0.041034 0.103967
1 0.518369 0.659313 0.068670 0.111967
1 0.126891 0.367183 0.042197 0.077842
