1 0.929895 0.848962 0.125882 0.147522
1 0.633054 0.554919 0.082893 0.135091
1 0.183487 0.505052 0.065113 0.119177
1 0.400100 0.533829 0.078365 0.105222
1 0.833477 0.362736 0.041317 0.065625
1 0.237005 0.411603 0.058147 0.073870
1 0.624106 0.374194 0.047445 0.081217
1 0.141875 0.376224 0.040687 0.068910
1 0.427652 0.378421 0.039668 0.058294
1 0.838611 0.553515 0.057607 0.101768
1 0.564552 0.338432 0.056558 0.081150
1 0.980473 0.436239 0.039055 0.108537
1 0.397166 0.322560 0.043817 0.056177
1 0.475150 0.416794 0.054729 0.077532
1 0.189040 0.445458 0.035847 0.058467
1 0.900979 0.398990 0.043194 0.073171
