1 0.927515 0.845235 0.129651 0.150687
1 0.622631 0.375506 0.048852 0.083428
1 0.184671 0.506034 0.063849 0.118893
1 0.399237 0.540094 0.081321 0.117521
1 0.567115 0.313880 0.047331 0.056503
1 0.183421 0.450318 0.042310 0.065522
1 0.633863 0.565848 0.075374 0.119442
1 0.833343 0.362627 0.041582 0.069764
1 0.391447 0.321311 0.039853 0.049098
1 0.132772 0.377172 0.039155 0.062995
1 0.839817 0.550137 0.053678 0.096991
1 0.981365 0.434394 0.037269 0.095087
1 0.898359 0.389835 0.038987 0.057664
1 0.941882 0.438907 0.049194 0.104961
