1 0.927232 0.850465 0.128996 0.150454
1 0.408495 0.527757 0.093299 0.115922
1 0.634402 0.558557 0.076902 0.130525
1 0.185067 0.495753 0.064406 0.136400
1 0.833554 0.361266 0.041075 0.063347
1 0.236827 0.409259 0.048719 0.070463
1 0.625067 0.373829 0.048176 0.083447
1 0.838465 0.553579 0.057333 0.101551
1 0.427286 0.379001 0.040702 0.058858
1 0.980944 0.435220 0.038112 0.102911
1 0.139347 0.372246 0.041838 0.076808
1 0.396672 0.322784 0.044333 0.056864
1 0.900887 0.386957 0.040459 0.054102
1 0.564431 0.342068 0.059267 0.089919
1 0.944251 0.427780 0.043147 0.086752
