1 0.930748 0.842771 0.122763 0.138831
1 0.623027 0.376358 0.049124 0.086049
1 0.185919 0.517972 0.058834 0.093920
1 0.840032 0.550211 0.054990 0.096367
1 0.186949 0.447670 0.039275 0.061163
1 0.635970 0.566340 0.078453 0.120203
1 0.397735 0.531620 0.081227 0.109888
1 0.834573 0.361986 0.047443 0.064853
1 0.980523 0.434108 0.038954 0.099107
1 0.898254 0.384982 0.039818 0.054639
1 0.436274 0.376961 0.048394 0.062220
1 0.230916 0.405330 0.046457 0.064826
1 0.142695 0.378234 0.036905 0.059660
1 0.570051 0.316746 0.047373 0.056459
1 0.393913 0.323194 0.043351 0.055985
1 0.942887 0.435136 0.052816 0.089973
1 0.529204 0.656202 0.070844 0.110747
