1 0.929547 0.843962 0.125319 0.129054
1 0.411951 0.519827 0.076841 0.107427
1 0.383600 0.324101 0.048557 0.058290
1 0.188281 0.519117 0.065978 0.096002
1 0.838424 0.359239 0.051565 0.062241
1 0.900637 0.387623 0.043684 0.060603
1 0.653932 0.564586 0.073630 0.118170
1 0.433499 0.375302 0.044864 0.058142
1 0.839317 0.555555 0.055719 0.097517
1 0.567725 0.313503 0.044308 0.056554
1 0.624758 0.371619 0.049294 0.081387
1 0.978665 0.435951 0.042670 0.104957
1 0.519440 0.661604 0.074113 0.109067
1 0.126673 0.365772 0.041148 0.078167
