1 0.403016 0.522748 0.082904 0.118878
1 0.928140 0.842258 0.128562 0.130160
1 0.186164 0.509390 0.066617 0.113418
1 0.840547 0.553596 0.054752 0.096401
1 0.838313 0.358926 0.050582 0.061318
1 0.433486 0.374251 0.044673 0.060439
1 0.979894 0.435931 0.040212 0.108003
1 0.386595 0.323656 0.046381 0.058411
1 0.590783 0.313605 0.046218 0.072008
1 0.666451 0.578008 0.066423 0.089966
1 0.902828 0.391411 0.046324 0.069113
1 0.124665 0.373609 0.038411 0.069506
1 0.519268 0.654846 0.081314 0.121587
1 0.550895 0.362378 0.039049 0.060882
