1 0.931300 0.845601 0.124634 0.142323
1 0.402131 0.527101 0.089147 0.117100
1 0.185619 0.513631 0.061018 0.099302
1 0.144274 0.376732 0.037452 0.061151
1 0.839734 0.550115 0.055147 0.099161
1 0.834303 0.360916 0.043805 0.066132
1 0.186763 0.447402 0.040008 0.062832
1 0.436115 0.375621 0.048975 0.062200
1 0.981403 0.430908 0.037195 0.091499
1 0.635461 0.566308 0.075841 0.119505
1 0.899110 0.386358 0.040501 0.055079
1 0.623039 0.376610 0.049963 0.089393
1 0.571110 0.315183 0.047456 0.063060
1 0.705713 0.434817 0.067785 0.093823
1 0.944494 0.434141 0.051426 0.086575
