1 0.930601 0.843239 0.116988 0.136512
1 0.394036 0.533867 0.071236 0.103125
1 0.833355 0.362403 0.040539 0.062871
1 0.185234 0.515371 0.063026 0.099298
1 0.625375 0.374746 0.047115 0.084686
1 0.900065 0.390242 0.043216 0.055479
1 0.634412 0.555872 0.080878 0.134730
1 0.979865 0.434747 0.040271 0.099833
1 0.235626 0.409665 0.049103 0.073598
1 0.861362 0.378709 0.032465 0.056232
1 0.428195 0.378818 0.038713 0.058600
1 0.566028 0.339642 0.058459 0.081928
1 0.945038 0.430284 0.045882 0.081285
1 0.528718 0.662859 0.065979 0.092113
1 0.396313 0.323211 0.043924 0.053960
