1 0.927154 0.846363 0.128806 0.142662
1 0.395106 0.534220 0.069956 0.099595
1 0.185069 0.519534 0.061659 0.091693
1 0.635069 0.558893 0.079432 0.130072
1 0.188118 0.447822 0.036961 0.062976
1 0.833049 0.363562 0.040689 0.067531
1 0.624970 0.374568 0.047492 0.083416
1 0.839002 0.553889 0.058045 0.100861
1 0.564897 0.338292 0.056439 0.081347
1 0.427734 0.378656 0.039276 0.057757
1 0.233555 0.421792 0.057793 0.089901
1 0.396382 0.323664 0.044826 0.056399
1 0.981814 0.432894 0.036371 0.102355
1 0.901088 0.398121 0.043391 0.070474
1 0.861406 0.376584 0.034399 0.054831
