1 0.928643 0.841786 0.125475 0.143347
1 0.623487 0.374817 0.048340 0.083861
1 0.185353 0.515154 0.060227 0.099069
1 0.185849 0.448783 0.041014 0.063802
1 0.568313 0.317805 0.047757 0.057240
1 0.401536 0.542195 0.078717 0.121176
1 0.434100 0.374704 0.043891 0.060175
1 0.635999 0.563324 0.079341 0.122991
1 0.832673 0.359738 0.045594 0.058190
1 0.839479 0.548774 0.052699 0.091671
1 0.980621 0.432817 0.038759 0.093778
1 0.134382 0.363810 0.040588 0.066682
1 0.389112 0.322993 0.044180 0.054174
1 0.940574 0.432906 0.050699 0.088947
