1 0.832094 0.556065 0.063608 0.098209
1 0.902049 0.906926 0.164594 0.186148
1 0.483704 0.636304 0.079962 0.110418
1 0.406465 0.518082 0.069950 0.094378
1 0.621318 0.377494 0.045093 0.085274
1 0.632162 0.566011 0.078498 0.119507
1 0.202612 0.355070 0.098811 0.112225
1 0.937689 0.420756 0.039960 0.077797
1 0.832905 0.361275 0.044291 0.060967
1 0.396910 0.322742 0.044118 0.057599
1 0.561433 0.367491 0.043277 0.062561
1 0.577632 0.371209 0.046014 0.064655
1 0.975334 0.435302 0.049333 0.108197
1 0.896076 0.404389 0.044892 0.085441
