1 0.930754 0.849716 0.122164 0.137811
1 0.390022 0.532376 0.067861 0.100718
1 0.838914 0.359467 0.053456 0.060536
1 0.978786 0.431666 0.042427 0.101711
1 0.186017 0.508033 0.065894 0.114610
1 0.622746 0.369453 0.045696 0.073555
1 0.236216 0.408227 0.055265 0.075960
1 0.428978 0.377333 0.036281 0.060031
1 0.184137 0.436627 0.046844 0.061036
1 0.507971 0.656182 0.068714 0.093840
1 0.839690 0.552536 0.054145 0.093682
1 0.125382 0.371155 0.038769 0.073018
1 0.902024 0.389924 0.043783 0.056999
1 0.642033 0.547710 0.057695 0.103281
1 0.472160 0.411801 0.050632 0.072270
1 0.743992 0.311623 0.082405 0.080076
