1 0.931195 0.850956 0.123488 0.141812
1 0.391854 0.532885 0.070125 0.100043
1 0.978012 0.430734 0.043976 0.105733
1 0.839141 0.360927 0.052828 0.064300
1 0.234490 0.406243 0.055049 0.072212
1 0.184398 0.497361 0.066354 0.137488
1 0.428911 0.377364 0.037228 0.060515
1 0.516935 0.664639 0.071060 0.092337
1 0.641608 0.552079 0.061758 0.111089
1 0.622841 0.372291 0.047842 0.078601
1 0.184110 0.437498 0.044879 0.056614
1 0.472428 0.413175 0.052460 0.073816
1 0.839509 0.553231 0.054803 0.094171
1 0.124588 0.370746 0.039018 0.072838
1 0.567700 0.329083 0.052057 0.064798
1 0.943420 0.429151 0.050242 0.100111
