1 0.406241 0.522927 0.087890 0.120591
1 0.927173 0.840015 0.127172 0.127877
1 0.185132 0.498138 0.068427 0.141403
1 0.841024 0.554197 0.055643 0.098588
1 0.838315 0.359487 0.050222 0.061748
1 0.526610 0.651490 0.095344 0.131158
1 0.433620 0.373879 0.044843 0.061342
1 0.979666 0.435746 0.040669 0.106837
1 0.387125 0.324755 0.045180 0.055987
1 0.902180 0.391631 0.046034 0.068737
1 0.551883 0.361087 0.042344 0.061104
1 0.595268 0.314072 0.042239 0.068653
1 0.662261 0.580543 0.076974 0.093887
1 0.126883 0.365281 0.036762 0.064812
