1 0.928859 0.844227 0.120686 0.141297
1 0.393888 0.533223 0.070777 0.103019
1 0.833486 0.362651 0.040701 0.061432
1 0.634309 0.555552 0.081311 0.135438
1 0.185032 0.507997 0.064573 0.110254
1 0.625066 0.375480 0.047274 0.085745
1 0.979671 0.434101 0.040657 0.099619
1 0.900124 0.390733 0.043408 0.056328
1 0.235549 0.409804 0.049059 0.071937
1 0.565970 0.339633 0.058526 0.082333
1 0.428126 0.378205 0.038500 0.058210
1 0.945409 0.429170 0.045509 0.080863
1 0.861192 0.378204 0.032456 0.055699
1 0.396658 0.323266 0.043529 0.053539
