1 0.927298 0.853204 0.130745 0.147351
1 0.187286 0.507871 0.067053 0.113036
1 0.838731 0.359656 0.051295 0.061189
1 0.838355 0.552850 0.056754 0.096774
1 0.979271 0.434106 0.041458 0.110503
1 0.404093 0.529879 0.083765 0.109817
1 0.902926 0.387795 0.042899 0.061600
1 0.623459 0.371869 0.048539 0.081667
1 0.642325 0.554798 0.063455 0.120744
1 0.514022 0.663663 0.082136 0.103123
1 0.939822 0.431338 0.052411 0.093464
1 0.124780 0.366130 0.040458 0.076262
1 0.567815 0.328103 0.050602 0.062762
1 0.437990 0.378005 0.041877 0.059977
1 0.183912 0.437683 0.050298 0.058368
