1 0.929927 0.842848 0.124085 0.138241
1 0.398449 0.530246 0.083777 0.110631
1 0.184589 0.514409 0.062058 0.099875
1 0.839827 0.549472 0.054680 0.097820
1 0.834742 0.361035 0.044025 0.065875
1 0.144510 0.377252 0.037679 0.061345
1 0.186930 0.447355 0.039125 0.063087
1 0.435666 0.375665 0.048395 0.061283
1 0.635913 0.565789 0.076571 0.119901
1 0.980621 0.434002 0.038759 0.094633
1 0.623160 0.376280 0.049626 0.087748
1 0.898723 0.385685 0.039593 0.052688
1 0.943700 0.434080 0.050511 0.086517
1 0.705922 0.434344 0.068838 0.096482
1 0.571133 0.315462 0.047611 0.062220
