1 0.403088 0.522403 0.081691 0.119403
1 0.186724 0.517968 0.065816 0.098299
1 0.839015 0.359855 0.051731 0.062545
1 0.928260 0.842826 0.126249 0.133924
1 0.434191 0.375136 0.045360 0.059387
1 0.840563 0.552107 0.058298 0.105434
1 0.132840 0.378256 0.038186 0.064126
1 0.979950 0.432448 0.040100 0.102267
1 0.902063 0.389747 0.044853 0.064101
1 0.557387 0.362826 0.044968 0.066345
1 0.377773 0.382136 0.056851 0.059236
1 0.182061 0.436613 0.045185 0.054763
1 0.518893 0.659718 0.085637 0.117873
1 0.387280 0.324036 0.047542 0.055214
