1 0.930668 0.844698 0.119602 0.127410
1 0.408360 0.524111 0.081835 0.111360
1 0.382959 0.323977 0.048409 0.057758
1 0.187808 0.519290 0.065658 0.094389
1 0.838146 0.358809 0.050970 0.061905
1 0.900621 0.386847 0.043390 0.060174
1 0.839446 0.555563 0.055245 0.096715
1 0.433593 0.374955 0.045684 0.059341
1 0.566809 0.314335 0.045268 0.057627
1 0.651815 0.565146 0.079654 0.120443
1 0.979741 0.435559 0.040517 0.102351
1 0.182560 0.441625 0.047123 0.060872
1 0.624874 0.371098 0.048852 0.080551
1 0.126724 0.364263 0.040431 0.072970
1 0.941402 0.430926 0.046330 0.088067
