1 0.929455 0.845479 0.125603 0.138236
1 0.185041 0.516102 0.063734 0.098282
1 0.838585 0.554509 0.057514 0.099310
1 0.636843 0.561630 0.080085 0.129271
1 0.833691 0.362558 0.043978 0.064691
1 0.186160 0.447038 0.040892 0.062621
1 0.623881 0.375703 0.050758 0.087849
1 0.566736 0.315616 0.046445 0.053092
1 0.405960 0.526385 0.093315 0.116131
1 0.981533 0.436608 0.036934 0.103670
1 0.396385 0.321643 0.042579 0.054683
1 0.132911 0.373992 0.044221 0.072218
1 0.899588 0.386702 0.041760 0.059479
1 0.946072 0.427868 0.046742 0.082676
