1 0.929098 0.840735 0.124395 0.130769
1 0.405074 0.523983 0.086008 0.119981
1 0.186007 0.516599 0.067304 0.100597
1 0.841279 0.554072 0.055993 0.098783
1 0.838363 0.359126 0.050525 0.061565
1 0.530960 0.653126 0.088582 0.129022
1 0.433592 0.374022 0.044711 0.061077
1 0.551786 0.362146 0.045481 0.061720
1 0.979857 0.434481 0.040287 0.101571
1 0.902047 0.393238 0.045809 0.067924
1 0.663653 0.579665 0.074257 0.092780
1 0.182235 0.433301 0.043144 0.056981
1 0.127571 0.363061 0.038190 0.062208
1 0.387379 0.324986 0.046382 0.056147
