1 0.929703 0.846014 0.119690 0.142053
1 0.412589 0.524526 0.083723 0.113619
1 0.186271 0.517608 0.062102 0.096319
1 0.186912 0.446810 0.039204 0.063430
1 0.838871 0.554231 0.056809 0.099480
1 0.980977 0.437806 0.038046 0.105838
1 0.835473 0.362684 0.045309 0.066312
1 0.623451 0.376063 0.050808 0.088704
1 0.636863 0.562880 0.078662 0.126957
1 0.898934 0.386405 0.038268 0.053650
1 0.436868 0.376436 0.050720 0.063090
1 0.135935 0.371655 0.038893 0.065782
1 0.397721 0.322934 0.043473 0.056067
1 0.945145 0.430498 0.045836 0.084307
