1 0.926484 0.848888 0.129635 0.155185
1 0.622918 0.375709 0.048753 0.083226
1 0.567146 0.313137 0.047465 0.056500
1 0.185026 0.515247 0.064393 0.103181
1 0.400121 0.541501 0.082627 0.118930
1 0.183091 0.450846 0.042454 0.064862
1 0.833656 0.362653 0.043635 0.066015
1 0.634243 0.564702 0.076181 0.122003
1 0.132424 0.370393 0.037965 0.060808
1 0.840274 0.550691 0.054106 0.096433
1 0.130564 0.361367 0.040376 0.067426
1 0.981447 0.434295 0.037106 0.095340
1 0.898874 0.389805 0.039652 0.060721
1 0.391297 0.322070 0.039919 0.049090
