1 0.929913 0.844684 0.125042 0.133929
1 0.186054 0.498129 0.065205 0.129835
1 0.624137 0.376153 0.049652 0.083014
1 0.395704 0.532480 0.078841 0.104102
1 0.977775 0.430517 0.044450 0.107003
1 0.841769 0.361662 0.056585 0.066735
1 0.234506 0.411175 0.051138 0.074847
1 0.838512 0.552074 0.056482 0.093878
1 0.635429 0.561794 0.077424 0.124992
1 0.909008 0.388550 0.047731 0.066363
1 0.530639 0.652624 0.069354 0.109000
1 0.123127 0.369263 0.040877 0.077931
1 0.428401 0.377739 0.036870 0.058742
1 0.566569 0.328781 0.052996 0.063224
