1 0.930685 0.842542 0.123844 0.128653
1 0.402000 0.525677 0.083136 0.114121
1 0.564596 0.313771 0.047497 0.061291
1 0.838486 0.358233 0.051166 0.060293
1 0.383659 0.323774 0.046305 0.057161
1 0.839140 0.554099 0.056290 0.095716
1 0.187517 0.513796 0.065971 0.099441
1 0.658792 0.568527 0.072334 0.104838
1 0.432892 0.374575 0.044314 0.060319
1 0.900996 0.388777 0.043720 0.061452
1 0.980354 0.437957 0.039292 0.105795
1 0.182796 0.440896 0.046641 0.060324
1 0.625229 0.370358 0.050041 0.082867
1 0.942177 0.430616 0.045295 0.090981
