1 0.930564 0.838478 0.121955 0.137556
1 0.623117 0.375195 0.048915 0.085561
1 0.185984 0.448076 0.041185 0.064927
1 0.185096 0.514352 0.059556 0.097669
1 0.839576 0.549861 0.054035 0.094694
1 0.635862 0.564018 0.077008 0.123108
1 0.434678 0.376034 0.046619 0.061931
1 0.833706 0.360100 0.047513 0.059651
1 0.137861 0.368614 0.037345 0.058785
1 0.897150 0.389919 0.038680 0.058393
1 0.568774 0.320545 0.048131 0.059565
1 0.940360 0.431542 0.050376 0.086181
1 0.981335 0.431871 0.037331 0.092001
1 0.403607 0.539488 0.087730 0.127640
1 0.391223 0.323239 0.042852 0.055048
