1 0.896659 0.909849 0.172777 0.180302
1 0.406182 0.517136 0.069087 0.094139
1 0.828221 0.561843 0.066853 0.093794
1 0.484635 0.637345 0.079227 0.111919
1 0.622255 0.377410 0.047538 0.084827
1 0.631964 0.565999 0.079195 0.119040
1 0.832536 0.363407 0.045995 0.069366
1 0.974444 0.431362 0.051105 0.100695
1 0.397179 0.322317 0.043457 0.058099
1 0.935725 0.424199 0.040269 0.087498
1 0.566529 0.366528 0.048200 0.063775
1 0.895946 0.403999 0.043388 0.090129
1 0.575483 0.370832 0.046329 0.063980
1 0.186717 0.447375 0.043321 0.061158
