1 0.403478 0.521836 0.088672 0.118643
1 0.838159 0.359965 0.051859 0.061992
1 0.901905 0.389605 0.045562 0.064705
1 0.928167 0.841859 0.128138 0.135728
1 0.839942 0.551980 0.055481 0.096275
1 0.187187 0.507675 0.067182 0.113506
1 0.433453 0.374033 0.043118 0.060095
1 0.978955 0.434963 0.042089 0.102620
1 0.385884 0.323937 0.047598 0.057813
1 0.518096 0.666020 0.070812 0.098571
1 0.572725 0.315046 0.049192 0.064729
1 0.666103 0.578026 0.067986 0.091068
1 0.182881 0.435890 0.047295 0.056460
1 0.123539 0.372970 0.039066 0.070925
