1 0.931952 0.847517 0.121712 0.134246
1 0.183921 0.495776 0.067224 0.137757
1 0.395488 0.532520 0.080210 0.105592
1 0.623844 0.372668 0.048228 0.076166
1 0.840688 0.361357 0.054443 0.067961
1 0.234712 0.416598 0.061643 0.087325
1 0.428254 0.377582 0.038204 0.061249
1 0.977222 0.432509 0.045556 0.107272
1 0.633533 0.560760 0.077638 0.131811
1 0.124025 0.369931 0.040734 0.073985
1 0.907324 0.390971 0.045082 0.064943
1 0.471418 0.411848 0.051078 0.072298
1 0.565768 0.329816 0.052669 0.063446
1 0.744471 0.311115 0.080877 0.081112
