1 0.897235 0.906990 0.167842 0.186020
1 0.406216 0.517320 0.069393 0.094142
1 0.483850 0.636495 0.079049 0.109353
1 0.828891 0.557568 0.066182 0.096489
1 0.621711 0.376954 0.046127 0.085019
1 0.631616 0.565765 0.079409 0.119536
1 0.832924 0.361978 0.045373 0.066854
1 0.556588 0.368318 0.037943 0.062416
1 0.937463 0.421646 0.040928 0.082176
1 0.202218 0.355755 0.099798 0.112014
1 0.397090 0.322597 0.043557 0.057139
1 0.580036 0.371013 0.045872 0.064913
1 0.975451 0.426674 0.049098 0.093077
1 0.674274 0.333311 0.051206 0.098967
1 0.564686 0.368659 0.048768 0.062576
