1 0.928354 0.846590 0.124648 0.140529
1 0.392919 0.533027 0.068956 0.102775
1 0.184380 0.517015 0.064118 0.096960
1 0.634105 0.555825 0.080583 0.133187
1 0.833781 0.363631 0.041546 0.063235
1 0.624936 0.375459 0.047537 0.083754
1 0.233143 0.409638 0.052941 0.069947
1 0.838301 0.552371 0.056327 0.099940
1 0.427913 0.378389 0.040027 0.058741
1 0.186848 0.447628 0.037251 0.062826
1 0.564322 0.337025 0.056784 0.077680
1 0.145921 0.376495 0.039922 0.067572
1 0.396197 0.323976 0.045074 0.055267
1 0.948015 0.426162 0.047806 0.086655
1 0.979659 0.430536 0.040505 0.098869
1 0.900967 0.396230 0.045033 0.066652
