1 0.389540 0.532321 0.065707 0.100739
1 0.928652 0.851627 0.124536 0.138958
1 0.837977 0.360403 0.051899 0.061723
1 0.186159 0.506247 0.066505 0.122320
1 0.622821 0.369363 0.046500 0.072675
1 0.978730 0.432938 0.042540 0.104006
1 0.469996 0.409136 0.047905 0.067128
1 0.427208 0.380022 0.039699 0.060748
1 0.642738 0.547730 0.058788 0.110893
1 0.616950 0.582159 0.055477 0.093933
1 0.235127 0.408046 0.053961 0.088601
1 0.490204 0.651066 0.071154 0.110496
1 0.182889 0.435117 0.047372 0.061761
1 0.901079 0.392237 0.045391 0.062065
1 0.943023 0.423781 0.043870 0.092844
1 0.839480 0.554081 0.053719 0.094257
