1 0.927384 0.839533 0.127175 0.140351
1 0.622793 0.374977 0.047507 0.080471
1 0.184332 0.516491 0.063248 0.099083
1 0.184469 0.448353 0.041462 0.063062
1 0.832702 0.361024 0.044849 0.065465
1 0.398502 0.541864 0.080266 0.118877
1 0.567504 0.314374 0.047664 0.056955
1 0.433892 0.376006 0.042496 0.059151
1 0.134172 0.374435 0.040385 0.065842
1 0.389322 0.322034 0.042965 0.051803
1 0.839672 0.549892 0.054675 0.097846
1 0.635526 0.564132 0.078703 0.123289
1 0.980784 0.431410 0.038429 0.092089
1 0.940454 0.431834 0.050182 0.090288
