1 0.928946 0.846744 0.121310 0.139342
1 0.185043 0.507423 0.065357 0.114704
1 0.395514 0.532390 0.077994 0.106578
1 0.185482 0.447616 0.045038 0.061470
1 0.624296 0.376211 0.048975 0.084657
1 0.838761 0.551908 0.056751 0.097289
1 0.840229 0.360020 0.055268 0.066678
1 0.234002 0.412433 0.053692 0.074013
1 0.978631 0.434134 0.042738 0.108134
1 0.428590 0.378754 0.037636 0.058469
1 0.635604 0.563583 0.078449 0.120987
1 0.395840 0.322778 0.042820 0.055427
1 0.127755 0.369224 0.043960 0.078186
1 0.909802 0.388489 0.048692 0.068210
1 0.567654 0.330860 0.054041 0.065795
1 0.474386 0.417476 0.056904 0.079626
