1 0.187072 0.520521 0.065525 0.094666
1 0.929244 0.844842 0.125925 0.132554
1 0.838461 0.360024 0.052499 0.062221
1 0.979865 0.435066 0.040270 0.108031
1 0.396020 0.533367 0.079415 0.107138
1 0.623510 0.369773 0.048813 0.076646
1 0.838673 0.553230 0.055974 0.095622
1 0.904201 0.391392 0.045121 0.066764
1 0.643708 0.554304 0.059097 0.108774
1 0.939523 0.431879 0.054548 0.094894
1 0.400957 0.321478 0.044887 0.054283
1 0.183880 0.432457 0.046606 0.054354
1 0.124354 0.368302 0.039048 0.074933
1 0.358342 0.388237 0.051826 0.064134
