1 0.928502 0.843798 0.121239 0.135135
1 0.184933 0.504415 0.065400 0.121106
1 0.396034 0.533286 0.079155 0.107127
1 0.624152 0.377507 0.048389 0.087001
1 0.980502 0.433870 0.038997 0.105846
1 0.234147 0.414344 0.054406 0.076752
1 0.185963 0.448569 0.044733 0.063557
1 0.839828 0.360410 0.053993 0.065557
1 0.838639 0.553119 0.055592 0.094386
1 0.636119 0.562791 0.080573 0.123444
1 0.429061 0.378419 0.038080 0.058851
1 0.130196 0.367375 0.043778 0.076591
1 0.909210 0.389633 0.047213 0.066873
1 0.395744 0.322778 0.043304 0.055442
1 0.530194 0.654853 0.070378 0.106320
