1 0.404225 0.523368 0.085173 0.121539
1 0.185962 0.517665 0.066710 0.098198
1 0.928758 0.839452 0.123392 0.126926
1 0.838636 0.359204 0.050754 0.062580
1 0.433431 0.374061 0.045008 0.061507
1 0.841380 0.553954 0.056067 0.098983
1 0.902528 0.391108 0.045247 0.066253
1 0.554327 0.361543 0.047127 0.063652
1 0.663123 0.578882 0.075775 0.091717
1 0.979401 0.432693 0.041198 0.100370
1 0.182534 0.436939 0.043827 0.056777
1 0.127532 0.365501 0.037285 0.065251
1 0.386786 0.324063 0.046114 0.055729
1 0.530406 0.656054 0.089970 0.123274
1 0.741485 0.311362 0.083418 0.083004
