1 0.930525 0.850079 0.125632 0.144160
1 0.185411 0.515556 0.063700 0.100890
1 0.834087 0.362713 0.043073 0.068082
1 0.186764 0.447214 0.038937 0.062021
1 0.636760 0.562174 0.079592 0.129334
1 0.837799 0.554288 0.057975 0.099759
1 0.406334 0.526339 0.092692 0.118901
1 0.623892 0.374762 0.051258 0.086530
1 0.982539 0.434933 0.034923 0.103105
1 0.567550 0.312062 0.044241 0.056087
1 0.945572 0.427149 0.044932 0.082737
1 0.899782 0.384600 0.040798 0.056968
1 0.132757 0.373189 0.041116 0.067029
1 0.437195 0.379058 0.051835 0.065535
1 0.396764 0.322787 0.043551 0.054750
