1 0.404070 0.522611 0.086401 0.117801
1 0.837475 0.359442 0.049754 0.060388
1 0.384908 0.324434 0.047223 0.058044
1 0.928655 0.850841 0.130065 0.149370
1 0.839323 0.553589 0.055905 0.097810
1 0.901381 0.388767 0.043957 0.062353
1 0.979187 0.435378 0.041626 0.102453
1 0.433466 0.374052 0.044081 0.060174
1 0.187997 0.514548 0.064780 0.098688
1 0.566686 0.313864 0.048302 0.063517
1 0.625587 0.369668 0.049345 0.085317
1 0.664852 0.577411 0.066557 0.091618
1 0.182898 0.435779 0.048246 0.065898
1 0.125868 0.370160 0.040924 0.073362
