1 0.407174 0.517116 0.069626 0.093382
1 0.836586 0.553012 0.058915 0.101627
1 0.483602 0.636230 0.083185 0.114699
1 0.632332 0.566120 0.079560 0.119550
1 0.622171 0.374656 0.045634 0.088432
1 0.202524 0.354178 0.098587 0.110698
1 0.397134 0.322461 0.044403 0.058209
1 0.938269 0.421067 0.040232 0.078095
1 0.832565 0.361175 0.043526 0.063566
1 0.975256 0.426316 0.049449 0.089863
1 0.566655 0.368216 0.051365 0.062953
1 0.577316 0.370638 0.049244 0.065438
1 0.661911 0.300421 0.040019 0.047836
1 0.894172 0.390668 0.040240 0.065173
