1 0.930604 0.847315 0.125370 0.138967
1 0.403510 0.524463 0.086155 0.116526
1 0.837758 0.359182 0.050078 0.060401
1 0.839408 0.555258 0.057100 0.097674
1 0.563294 0.313274 0.047126 0.063366
1 0.186792 0.507565 0.066131 0.110669
1 0.384135 0.324677 0.046311 0.057389
1 0.432824 0.375028 0.045674 0.060106
1 0.901195 0.390148 0.043700 0.063893
1 0.624905 0.370590 0.049618 0.083562
1 0.661831 0.571722 0.069971 0.099386
1 0.979456 0.434869 0.041088 0.103488
1 0.184324 0.438765 0.048555 0.056498
1 0.127679 0.363386 0.043280 0.075354
1 0.942093 0.432435 0.047525 0.094069
