1 0.931623 0.849407 0.124970 0.138388
1 0.184269 0.500790 0.064500 0.127812
1 0.392203 0.532587 0.070535 0.101476
1 0.517583 0.665346 0.070979 0.095163
1 0.233253 0.408336 0.052445 0.071477
1 0.978136 0.430267 0.043729 0.105914
1 0.839851 0.360518 0.054764 0.066370
1 0.428710 0.376941 0.037154 0.061452
1 0.623166 0.373704 0.048367 0.079416
1 0.632462 0.563972 0.077152 0.121572
1 0.472280 0.413507 0.053149 0.075290
1 0.839466 0.552230 0.054800 0.094585
1 0.125042 0.373560 0.037924 0.070889
1 0.904834 0.389907 0.044139 0.062374
1 0.638206 0.549255 0.067219 0.111462
