1 0.928630 0.843331 0.128502 0.131553
1 0.404547 0.522564 0.087482 0.119090
1 0.587071 0.314300 0.046507 0.069239
1 0.433405 0.374637 0.044786 0.059202
1 0.840926 0.553298 0.054869 0.097836
1 0.186324 0.511465 0.067923 0.112002
1 0.838162 0.360347 0.050770 0.062405
1 0.516553 0.657894 0.074816 0.113998
1 0.666818 0.577698 0.065856 0.089124
1 0.386427 0.323415 0.044017 0.057679
1 0.979370 0.436463 0.041261 0.105265
1 0.902720 0.392012 0.045368 0.068248
1 0.124502 0.372352 0.037258 0.064394
1 0.181549 0.435835 0.046408 0.054128
