1 0.908002 0.912300 0.158110 0.172809
1 0.837638 0.555000 0.062515 0.104757
1 0.407253 0.514779 0.067294 0.089791
1 0.634183 0.567153 0.084961 0.122062
1 0.491557 0.644451 0.083922 0.115149
1 0.622249 0.375914 0.046035 0.086428
1 0.976370 0.432630 0.047261 0.103763
1 0.831683 0.362484 0.044773 0.064715
1 0.397042 0.322924 0.042586 0.058549
1 0.660460 0.300505 0.038808 0.047539
1 0.939446 0.420789 0.041205 0.081207
1 0.572703 0.370864 0.052913 0.063245
1 0.199613 0.355076 0.103570 0.107260
1 0.560338 0.368536 0.045216 0.061490
