1 0.928917 0.844077 0.120720 0.136213
1 0.475435 0.412613 0.057062 0.069834
1 0.186186 0.502084 0.063678 0.122859
1 0.396399 0.532291 0.079689 0.108838
1 0.624530 0.376247 0.049313 0.086980
1 0.234282 0.412157 0.055447 0.076563
1 0.841290 0.360237 0.055964 0.068265
1 0.185152 0.448010 0.046373 0.061911
1 0.839002 0.552961 0.056620 0.096840
1 0.978661 0.434510 0.042678 0.108828
1 0.635820 0.564282 0.079082 0.121248
1 0.427939 0.378851 0.038291 0.059080
1 0.395107 0.322771 0.045136 0.055663
1 0.910351 0.389757 0.047827 0.069525
1 0.126848 0.370979 0.042199 0.072561
1 0.566861 0.331928 0.055235 0.069010
