1 0.927298 0.841949 0.125493 0.133642
1 0.395101 0.533760 0.075708 0.107346
1 0.186359 0.514480 0.061702 0.099758
1 0.233945 0.411069 0.053329 0.069968
1 0.832906 0.363244 0.039224 0.063371
1 0.188983 0.450220 0.039979 0.061408
1 0.635190 0.558916 0.078203 0.129095
1 0.623005 0.376672 0.047208 0.086953
1 0.979458 0.435667 0.041084 0.102904
1 0.901855 0.387612 0.043203 0.057365
1 0.396853 0.323424 0.043509 0.054469
1 0.530193 0.654564 0.067402 0.106480
1 0.825555 0.425461 0.053800 0.104641
1 0.862360 0.379285 0.032717 0.055505
1 0.946686 0.435914 0.050554 0.085416
