1 0.834356 0.555469 0.061205 0.098467
1 0.406417 0.517551 0.069538 0.093753
1 0.483026 0.637426 0.080021 0.110367
1 0.902320 0.908463 0.167973 0.183075
1 0.621294 0.377710 0.044685 0.088613
1 0.631914 0.564716 0.079357 0.120813
1 0.202007 0.354337 0.097719 0.111957
1 0.833004 0.362255 0.045497 0.067142
1 0.938112 0.420998 0.040734 0.079618
1 0.560300 0.368014 0.043068 0.061900
1 0.397033 0.322912 0.043879 0.057897
1 0.976146 0.430249 0.047709 0.100312
1 0.669367 0.303962 0.038679 0.047274
1 0.577156 0.371834 0.046708 0.063975
1 0.894660 0.394426 0.042087 0.073685
