1 0.403517 0.523697 0.082107 0.118499
1 0.185810 0.517331 0.066387 0.097179
1 0.929762 0.842020 0.120735 0.129368
1 0.433679 0.374230 0.045591 0.062337
1 0.839100 0.360224 0.051433 0.061982
1 0.840694 0.552312 0.055709 0.100221
1 0.979299 0.433027 0.041402 0.101248
1 0.129518 0.368348 0.037771 0.064235
1 0.902355 0.391040 0.045042 0.064462
1 0.556181 0.362309 0.045873 0.066367
1 0.662005 0.579127 0.077656 0.093123
1 0.386931 0.324170 0.046532 0.054847
1 0.529673 0.648867 0.091796 0.129517
1 0.182209 0.441342 0.046697 0.058783
