1 0.407057 0.517651 0.069815 0.094260
1 0.836872 0.553148 0.058497 0.100731
1 0.632514 0.565779 0.079711 0.120481
1 0.484223 0.635400 0.084567 0.115644
1 0.975317 0.429965 0.049262 0.096905
1 0.621841 0.375691 0.044649 0.085769
1 0.396971 0.322298 0.043655 0.058663
1 0.832409 0.361570 0.043344 0.065144
1 0.202827 0.354502 0.099116 0.112201
1 0.937105 0.422111 0.040015 0.080192
1 0.577890 0.370794 0.049041 0.065350
1 0.567160 0.368028 0.051635 0.062897
1 0.661118 0.300963 0.039354 0.047467
1 0.187645 0.447011 0.042761 0.061430
