1 0.925232 0.853982 0.132919 0.164227
1 0.622923 0.375513 0.048532 0.083105
1 0.185575 0.513396 0.064540 0.104624
1 0.566994 0.313202 0.048052 0.056335
1 0.401488 0.541935 0.083703 0.119632
1 0.182916 0.450771 0.041980 0.066060
1 0.833455 0.364056 0.043436 0.067874
1 0.634095 0.564954 0.076952 0.120984
1 0.391032 0.321794 0.040309 0.048860
1 0.840480 0.550581 0.053828 0.097433
1 0.130097 0.356417 0.040873 0.067648
1 0.132325 0.365914 0.037794 0.060454
1 0.981745 0.434424 0.036509 0.094612
1 0.433407 0.374841 0.041343 0.059097
