1 0.410177 0.526447 0.093400 0.117994
1 0.927758 0.844406 0.125333 0.140249
1 0.185186 0.497269 0.065811 0.135456
1 0.979968 0.433888 0.040065 0.101721
1 0.833237 0.362513 0.042806 0.063277
1 0.237074 0.412431 0.050708 0.073842
1 0.838671 0.553838 0.057354 0.100531
1 0.625116 0.373850 0.048323 0.084880
1 0.137447 0.373163 0.040223 0.073588
1 0.474785 0.418595 0.056487 0.084297
1 0.396404 0.322561 0.045061 0.057609
1 0.427071 0.379423 0.040309 0.058812
1 0.563264 0.342410 0.062874 0.094706
1 0.636236 0.559459 0.077630 0.130108
1 0.943960 0.428639 0.044362 0.085495
1 0.900722 0.387749 0.041160 0.055748
