1 0.928539 0.850484 0.129657 0.153003
1 0.405689 0.530102 0.088267 0.113471
1 0.634364 0.558281 0.078928 0.130904
1 0.833316 0.362874 0.041778 0.064288
1 0.184426 0.497711 0.067097 0.133594
1 0.624435 0.374357 0.048071 0.082199
1 0.236959 0.407492 0.054429 0.066401
1 0.141395 0.375643 0.040979 0.069252
1 0.837975 0.553509 0.059071 0.102256
1 0.564575 0.340057 0.057490 0.084791
1 0.427517 0.378416 0.039509 0.058297
1 0.397119 0.322654 0.044110 0.056073
1 0.978827 0.432583 0.042347 0.100874
1 0.475172 0.418338 0.055048 0.080371
1 0.901468 0.389910 0.042284 0.057882
