1 0.927588 0.842016 0.128968 0.146459
1 0.622471 0.375640 0.048444 0.081802
1 0.184898 0.514868 0.063464 0.102628
1 0.398794 0.540584 0.080888 0.117109
1 0.566909 0.313986 0.046747 0.056175
1 0.183457 0.450365 0.042526 0.065458
1 0.833154 0.361645 0.043690 0.066434
1 0.133160 0.377419 0.038733 0.062112
1 0.839395 0.552020 0.054541 0.095781
1 0.634018 0.566033 0.074846 0.118879
1 0.130175 0.366070 0.040306 0.070886
1 0.981781 0.433518 0.036438 0.092690
1 0.898055 0.389706 0.038494 0.057261
1 0.390534 0.321283 0.042455 0.050084
1 0.941974 0.432141 0.050650 0.089873
