1 0.931152 0.846318 0.122503 0.138953
1 0.186211 0.516846 0.061870 0.097397
1 0.186873 0.447012 0.038474 0.061353
1 0.837586 0.554041 0.057388 0.101001
1 0.413141 0.524458 0.083673 0.115075
1 0.636932 0.561902 0.078969 0.128707
1 0.834482 0.362432 0.043649 0.068258
1 0.982818 0.436184 0.034365 0.099366
1 0.624082 0.375325 0.050872 0.086132
1 0.568291 0.311818 0.046268 0.057448
1 0.945180 0.428216 0.045825 0.081555
1 0.898979 0.385438 0.040500 0.057486
1 0.135251 0.378846 0.040090 0.067237
1 0.396790 0.323072 0.045212 0.055309
1 0.436341 0.379255 0.049594 0.065909
