1 0.927938 0.841708 0.125130 0.140933
1 0.185038 0.510576 0.059958 0.105512
1 0.635690 0.564653 0.078784 0.121861
1 0.839423 0.549613 0.054504 0.093884
1 0.186157 0.448818 0.040451 0.064700
1 0.623389 0.376258 0.048602 0.083441
1 0.434690 0.375671 0.046242 0.061647
1 0.568405 0.318724 0.048478 0.059045
1 0.138136 0.376243 0.039988 0.059055
1 0.396945 0.540085 0.080237 0.121759
1 0.833737 0.361093 0.047000 0.065030
1 0.389739 0.323491 0.043264 0.054497
1 0.980620 0.433023 0.038761 0.095976
1 0.940216 0.432595 0.051314 0.087099
1 0.897023 0.393860 0.039061 0.064096
