1 0.930195 0.846812 0.122103 0.139698
1 0.412474 0.524365 0.084450 0.113345
1 0.185584 0.517015 0.063038 0.097057
1 0.838896 0.554711 0.055710 0.098269
1 0.186784 0.446781 0.039380 0.062613
1 0.623434 0.376375 0.050067 0.084823
1 0.982165 0.437263 0.035671 0.102770
1 0.637276 0.563460 0.080186 0.125286
1 0.834024 0.361752 0.041574 0.067576
1 0.568422 0.315663 0.045916 0.057539
1 0.898773 0.386081 0.038164 0.054820
1 0.944388 0.427078 0.045369 0.081236
1 0.435571 0.375937 0.048525 0.062287
1 0.397590 0.323418 0.044820 0.057169
1 0.860250 0.374360 0.034422 0.051712
1 0.137253 0.373564 0.040249 0.069602
