1 0.406003 0.519751 0.071494 0.103463
1 0.926945 0.845814 0.129558 0.137681
1 0.636612 0.554195 0.080030 0.128470
1 0.187681 0.521856 0.064324 0.089748
1 0.838698 0.360485 0.052161 0.065278
1 0.436528 0.376646 0.048156 0.057487
1 0.902141 0.388583 0.044406 0.062504
1 0.979449 0.435543 0.041103 0.105330
1 0.838862 0.554519 0.056201 0.099573
1 0.623986 0.370917 0.048057 0.080605
1 0.515587 0.663301 0.074137 0.100782
1 0.125697 0.368425 0.042883 0.074475
1 0.939662 0.432137 0.050230 0.086095
1 0.183045 0.434400 0.045088 0.064390
1 0.377734 0.383079 0.059465 0.062956
1 0.568155 0.325064 0.048501 0.060583
1 0.388319 0.322643 0.045191 0.052302
