1 0.932100 0.847591 0.121226 0.133774
1 0.392099 0.531991 0.074472 0.103332
1 0.623647 0.372170 0.047973 0.075159
1 0.235859 0.413828 0.060562 0.079360
1 0.185510 0.498338 0.067508 0.130386
1 0.840233 0.360687 0.054255 0.065851
1 0.428345 0.377493 0.038552 0.060385
1 0.977845 0.433000 0.044311 0.109230
1 0.905768 0.388684 0.044899 0.061422
1 0.471686 0.413203 0.052119 0.074469
1 0.517881 0.669966 0.069739 0.095859
1 0.633385 0.565578 0.075202 0.121607
1 0.566550 0.327426 0.052954 0.061739
1 0.124769 0.370473 0.040448 0.074144
1 0.639737 0.547930 0.066030 0.111939
