1 0.402766 0.521232 0.088957 0.118145
1 0.838367 0.360405 0.051767 0.061696
1 0.901826 0.389630 0.044440 0.062521
1 0.839409 0.552882 0.055494 0.097002
1 0.928809 0.845057 0.127947 0.142660
1 0.187929 0.510689 0.066697 0.108538
1 0.978367 0.435572 0.043265 0.104583
1 0.568573 0.313145 0.047872 0.062310
1 0.433723 0.373676 0.043238 0.060903
1 0.663451 0.577709 0.069646 0.092072
1 0.385886 0.324277 0.046168 0.058117
1 0.182931 0.434593 0.047268 0.063495
1 0.625466 0.370991 0.049241 0.085864
1 0.124811 0.372304 0.039899 0.068040
