1 0.930673 0.845300 0.123879 0.134606
1 0.184917 0.515946 0.064459 0.099326
1 0.838605 0.554437 0.057680 0.099887
1 0.636861 0.561940 0.079493 0.129170
1 0.186158 0.447056 0.040451 0.062639
1 0.833946 0.362424 0.043276 0.069439
1 0.981261 0.434531 0.037478 0.105060
1 0.623815 0.375576 0.050301 0.087435
1 0.405382 0.525896 0.091669 0.116338
1 0.567448 0.314949 0.045658 0.055177
1 0.132381 0.371772 0.043318 0.075836
1 0.396814 0.321944 0.042294 0.054367
1 0.944983 0.425805 0.045350 0.084753
1 0.899610 0.385833 0.041596 0.059484
