1 0.927931 0.840844 0.126644 0.146174
1 0.622565 0.375138 0.047830 0.080910
1 0.184810 0.515987 0.062553 0.099339
1 0.398384 0.542076 0.081821 0.119958
1 0.184244 0.448519 0.042244 0.064306
1 0.566959 0.313552 0.048505 0.058647
1 0.833223 0.361020 0.045697 0.065740
1 0.133451 0.378478 0.040128 0.061439
1 0.839534 0.551602 0.055368 0.098148
1 0.634800 0.565593 0.077003 0.121090
1 0.981396 0.431848 0.037208 0.094167
1 0.131366 0.369789 0.040789 0.066848
1 0.433584 0.375535 0.041979 0.059498
1 0.389789 0.321767 0.043559 0.051863
1 0.231134 0.403751 0.048204 0.066627
1 0.940899 0.431808 0.050753 0.090349
