1 0.928826 0.848125 0.124590 0.135000
1 0.389896 0.531925 0.065292 0.099325
1 0.186523 0.509278 0.066468 0.113481
1 0.838199 0.360293 0.052009 0.061259
1 0.978889 0.433229 0.042222 0.102703
1 0.622776 0.369253 0.045949 0.073721
1 0.470762 0.409004 0.048595 0.068226
1 0.183081 0.435518 0.047353 0.061637
1 0.642568 0.545958 0.058191 0.102497
1 0.839587 0.555131 0.054139 0.093797
1 0.235150 0.410287 0.054240 0.087573
1 0.428838 0.379380 0.036062 0.060360
1 0.901736 0.392221 0.045250 0.061740
1 0.389387 0.322807 0.047666 0.055392
1 0.493231 0.652574 0.071278 0.100181
