1 0.928571 0.847452 0.127573 0.142613
1 0.393648 0.533504 0.071811 0.102247
1 0.184868 0.519110 0.062506 0.092997
1 0.634304 0.555744 0.080791 0.134094
1 0.833475 0.363597 0.042639 0.065640
1 0.624757 0.375279 0.047037 0.083137
1 0.838183 0.553110 0.057073 0.098457
1 0.187491 0.447507 0.036619 0.064252
1 0.428009 0.378475 0.039538 0.058903
1 0.232872 0.410442 0.052555 0.073166
1 0.564575 0.337059 0.056727 0.078406
1 0.395915 0.323798 0.044983 0.056819
1 0.144010 0.374709 0.040502 0.067159
1 0.475340 0.418095 0.057038 0.080404
