1 0.833665 0.556883 0.061968 0.100778
1 0.916616 0.902696 0.129897 0.151140
1 0.634067 0.567207 0.084690 0.127226
1 0.621029 0.377041 0.044359 0.083359
1 0.831809 0.361702 0.044585 0.063968
1 0.507402 0.650812 0.074104 0.100643
1 0.975330 0.428576 0.049307 0.093467
1 0.666632 0.303318 0.038438 0.047888
1 0.402007 0.530363 0.078546 0.109685
1 0.398282 0.322620 0.044216 0.057137
1 0.938123 0.422547 0.040249 0.080088
1 0.566457 0.367459 0.053170 0.063368
1 0.576036 0.370634 0.049736 0.065334
1 0.221380 0.409979 0.067189 0.083260
