1 0.928779 0.844013 0.126460 0.136790
1 0.184840 0.516984 0.063771 0.097302
1 0.838622 0.555551 0.057632 0.100249
1 0.186306 0.447028 0.040612 0.062869
1 0.624165 0.375939 0.050771 0.087948
1 0.636756 0.561376 0.079483 0.129797
1 0.833765 0.362180 0.043394 0.063790
1 0.982194 0.436640 0.035611 0.103720
1 0.405653 0.527244 0.090377 0.115780
1 0.396329 0.321670 0.042042 0.054414
1 0.566180 0.316228 0.046676 0.055461
1 0.899178 0.386312 0.041307 0.057144
1 0.945468 0.429152 0.046325 0.082837
1 0.133422 0.374609 0.043099 0.072783
1 0.432326 0.377951 0.043068 0.062359
