1 0.623196 0.375208 0.047752 0.081967
1 0.185076 0.514145 0.062242 0.102564
1 0.926608 0.845409 0.129267 0.149552
1 0.568338 0.315278 0.046541 0.054776
1 0.397488 0.540974 0.082309 0.120294
1 0.185394 0.448833 0.042077 0.063945
1 0.433474 0.374823 0.042809 0.058384
1 0.833113 0.360489 0.045928 0.064317
1 0.636319 0.563622 0.079661 0.123471
1 0.839540 0.549361 0.054037 0.094349
1 0.389319 0.322711 0.043123 0.052668
1 0.131486 0.361657 0.044742 0.074405
1 0.940494 0.431777 0.050156 0.090966
1 0.980416 0.433191 0.039167 0.096868
