1 0.931114 0.849576 0.123767 0.138361
1 0.512189 0.662076 0.073599 0.096593
1 0.391128 0.532573 0.069787 0.099782
1 0.978134 0.432150 0.043732 0.105236
1 0.235229 0.407201 0.056076 0.074489
1 0.622833 0.369797 0.045724 0.074063
1 0.428581 0.377106 0.036754 0.060045
1 0.185232 0.501647 0.065813 0.126130
1 0.839173 0.360205 0.053197 0.063160
1 0.184836 0.436322 0.045104 0.056638
1 0.839290 0.552712 0.054975 0.092920
1 0.641014 0.553064 0.062725 0.110110
1 0.125192 0.371092 0.039491 0.073624
1 0.471799 0.411357 0.049786 0.071129
1 0.902282 0.392278 0.043361 0.059565
