1 0.928475 0.848044 0.129404 0.140273
1 0.185037 0.517046 0.062939 0.096744
1 0.635814 0.562263 0.079243 0.126642
1 0.838132 0.554961 0.057372 0.098812
1 0.834036 0.362647 0.044094 0.064079
1 0.186661 0.447274 0.040201 0.062767
1 0.624191 0.376391 0.050867 0.088572
1 0.407886 0.526967 0.094872 0.117117
1 0.982420 0.434890 0.035159 0.102164
1 0.899862 0.385506 0.040997 0.055414
1 0.134130 0.376156 0.042324 0.067916
1 0.396897 0.322925 0.043074 0.055352
1 0.566123 0.318042 0.050037 0.058490
1 0.945367 0.429117 0.046284 0.083077
1 0.430080 0.378735 0.041659 0.063010
