1 0.836421 0.553907 0.059860 0.102084
1 0.407077 0.517229 0.070145 0.094482
1 0.483944 0.636243 0.084525 0.113917
1 0.900994 0.908148 0.172618 0.183704
1 0.632367 0.565210 0.080695 0.119768
1 0.622076 0.376176 0.045610 0.088093
1 0.396619 0.321974 0.043474 0.056533
1 0.202196 0.353683 0.098410 0.111481
1 0.975363 0.429019 0.049274 0.095523
1 0.833061 0.361197 0.045409 0.065888
1 0.938265 0.422122 0.041286 0.079978
1 0.662533 0.301637 0.040618 0.047492
1 0.574260 0.370323 0.050873 0.064358
1 0.894755 0.394375 0.042203 0.072770
1 0.565971 0.367611 0.050398 0.063059
