1 0.929659 0.847156 0.119415 0.141297
1 0.411604 0.524073 0.082911 0.112495
1 0.186463 0.516518 0.061902 0.098228
1 0.187250 0.446899 0.038578 0.062394
1 0.838809 0.554290 0.056285 0.099035
1 0.982248 0.438750 0.035503 0.103534
1 0.834139 0.361438 0.041767 0.067303
1 0.623292 0.376485 0.050780 0.086438
1 0.636921 0.562617 0.079232 0.126936
1 0.898697 0.385687 0.037953 0.053932
1 0.137518 0.375206 0.038759 0.063574
1 0.944873 0.428229 0.045272 0.081087
1 0.435986 0.376098 0.049088 0.060569
1 0.859957 0.373588 0.034758 0.053555
1 0.398187 0.323149 0.043779 0.056684
1 0.568861 0.316153 0.046842 0.059944
