1 0.929786 0.845363 0.127131 0.136209
1 0.838164 0.358767 0.049857 0.060763
1 0.403331 0.522380 0.084803 0.115640
1 0.384731 0.324565 0.047235 0.057722
1 0.839333 0.555029 0.056757 0.098812
1 0.901218 0.388928 0.043355 0.062422
1 0.564385 0.314065 0.046891 0.063539
1 0.188174 0.516814 0.063125 0.091056
1 0.433166 0.374827 0.044419 0.060162
1 0.980258 0.436143 0.039485 0.103306
1 0.182730 0.439946 0.048139 0.059849
1 0.625072 0.370569 0.049270 0.083422
1 0.662383 0.575978 0.069410 0.093470
1 0.943901 0.431305 0.047810 0.087852
1 0.126648 0.368823 0.040633 0.070997
