1 0.185377 0.515728 0.063236 0.099273
1 0.930800 0.846497 0.125424 0.138457
1 0.834014 0.362705 0.043575 0.067976
1 0.838284 0.554250 0.057672 0.100507
1 0.636691 0.562296 0.079797 0.129404
1 0.186076 0.446613 0.040157 0.061988
1 0.403986 0.526617 0.091150 0.115927
1 0.981753 0.434650 0.036493 0.103398
1 0.623899 0.375480 0.050323 0.086971
1 0.568179 0.311761 0.044476 0.056061
1 0.131804 0.371120 0.042240 0.073493
1 0.899874 0.384960 0.041179 0.057981
1 0.396924 0.321815 0.041926 0.054251
1 0.944935 0.426905 0.044643 0.083733
1 0.436139 0.378417 0.048806 0.061386
