1 0.404677 0.522229 0.087328 0.119349
1 0.930296 0.841613 0.125919 0.129726
1 0.433648 0.374644 0.044880 0.058810
1 0.840883 0.553890 0.054402 0.095477
1 0.516386 0.659648 0.074003 0.110607
1 0.582402 0.315102 0.047196 0.066769
1 0.186369 0.506510 0.067686 0.121383
1 0.838172 0.360583 0.051310 0.062892
1 0.978537 0.435509 0.042926 0.104539
1 0.386353 0.322868 0.044415 0.057669
1 0.903002 0.390873 0.045563 0.065070
1 0.666645 0.578106 0.066782 0.090106
1 0.625635 0.369991 0.047972 0.080248
1 0.124102 0.372175 0.039840 0.070184
