1 0.931813 0.841132 0.120592 0.137021
1 0.622991 0.375594 0.048906 0.086713
1 0.186223 0.447957 0.040869 0.065511
1 0.839811 0.550970 0.055122 0.097558
1 0.185814 0.514931 0.058932 0.096698
1 0.635460 0.564301 0.077225 0.123100
1 0.834672 0.360945 0.047718 0.065480
1 0.434339 0.375322 0.046469 0.062763
1 0.569520 0.318252 0.044999 0.054073
1 0.980904 0.435445 0.038191 0.096503
1 0.402294 0.538877 0.084444 0.122064
1 0.140968 0.375433 0.037493 0.056652
1 0.897468 0.388290 0.038198 0.057836
1 0.941467 0.437984 0.051273 0.095424
1 0.391968 0.323055 0.041809 0.054864
