1 0.929785 0.841602 0.126529 0.133741
1 0.402528 0.520656 0.084366 0.119279
1 0.519760 0.662090 0.073509 0.107549
1 0.577226 0.312291 0.047803 0.064754
1 0.838699 0.359940 0.052929 0.062294
1 0.433608 0.374018 0.044780 0.059525
1 0.902541 0.389360 0.046186 0.064197
1 0.186832 0.508038 0.067560 0.116722
1 0.840425 0.554898 0.053999 0.095256
1 0.978010 0.435388 0.043979 0.104924
1 0.386434 0.323406 0.044906 0.057214
1 0.666365 0.578243 0.066702 0.089654
1 0.123248 0.373982 0.037896 0.068439
1 0.625330 0.369829 0.049344 0.081115
1 0.181431 0.438092 0.047078 0.058294
