1 0.928567 0.845810 0.125810 0.145933
1 0.185302 0.512565 0.059798 0.097914
1 0.402022 0.523413 0.081107 0.117661
1 0.839651 0.553944 0.056690 0.099089
1 0.978827 0.438201 0.042347 0.102581
1 0.835332 0.363278 0.044439 0.071132
1 0.186554 0.446883 0.039948 0.062390
1 0.144693 0.376490 0.036690 0.057463
1 0.622385 0.378036 0.050571 0.086894
1 0.898895 0.388037 0.039947 0.055257
1 0.635951 0.567363 0.076119 0.118194
1 0.570827 0.312310 0.045829 0.063137
1 0.704407 0.433818 0.068070 0.095073
1 0.435461 0.375792 0.048929 0.060796
