1 0.184883 0.492619 0.066643 0.141344
1 0.932099 0.848285 0.123241 0.139042
1 0.623781 0.373870 0.048593 0.078697
1 0.397205 0.532994 0.083011 0.106635
1 0.977446 0.431947 0.045107 0.103548
1 0.841414 0.361460 0.055364 0.067409
1 0.634371 0.562909 0.079328 0.126734
1 0.234549 0.412719 0.054975 0.079138
1 0.838669 0.552353 0.056259 0.093704
1 0.909322 0.388399 0.046410 0.064684
1 0.428446 0.377812 0.038142 0.058351
1 0.123450 0.370100 0.041562 0.075398
1 0.566703 0.328225 0.053453 0.062836
1 0.388440 0.322974 0.045902 0.055215
