1 0.926286 0.850053 0.130601 0.144305
1 0.186997 0.517577 0.065922 0.096414
1 0.838377 0.552649 0.056994 0.097948
1 0.407389 0.523446 0.077980 0.109323
1 0.838372 0.360440 0.051773 0.065578
1 0.902837 0.388384 0.043882 0.061615
1 0.437926 0.378266 0.048659 0.061522
1 0.623643 0.370850 0.048591 0.079090
1 0.514194 0.663706 0.075737 0.098655
1 0.979457 0.436747 0.041085 0.105303
1 0.183109 0.442549 0.049319 0.062637
1 0.393318 0.321421 0.043932 0.056363
1 0.939879 0.433733 0.049750 0.086077
1 0.124921 0.367833 0.044447 0.077613
1 0.643935 0.555437 0.062122 0.119969
