1 0.930382 0.847971 0.126387 0.135833
1 0.393105 0.532560 0.074598 0.103154
1 0.184449 0.503205 0.063516 0.121510
1 0.233388 0.410451 0.057993 0.076641
1 0.839654 0.360475 0.053906 0.065507
1 0.977542 0.431375 0.044916 0.107195
1 0.623381 0.372851 0.048948 0.077985
1 0.428465 0.377217 0.037688 0.061343
1 0.516817 0.669229 0.071521 0.098197
1 0.472103 0.413413 0.052925 0.074407
1 0.905714 0.389061 0.044808 0.062284
1 0.639003 0.545621 0.067027 0.108044
1 0.567230 0.328578 0.052871 0.063682
1 0.839311 0.551916 0.054960 0.095891
