1 0.401435 0.522862 0.078816 0.116333
1 0.185746 0.517199 0.067066 0.100248
1 0.839190 0.360134 0.052126 0.062187
1 0.515844 0.656834 0.081190 0.125798
1 0.841097 0.553839 0.058886 0.105729
1 0.434132 0.375467 0.044912 0.059992
1 0.136976 0.375793 0.039247 0.065466
1 0.902072 0.389779 0.044278 0.061091
1 0.929089 0.839765 0.126391 0.129349
1 0.387556 0.324625 0.048025 0.056871
1 0.978955 0.434668 0.042090 0.101428
1 0.555639 0.361157 0.042753 0.062474
1 0.132871 0.367720 0.041067 0.069773
1 0.183697 0.436732 0.044524 0.057003
