1 0.928127 0.841557 0.122001 0.131687
1 0.395417 0.534240 0.076450 0.106832
1 0.186575 0.513422 0.062622 0.103201
1 0.833062 0.364058 0.040166 0.062704
1 0.635323 0.560496 0.079302 0.128091
1 0.980161 0.435959 0.039677 0.102344
1 0.234464 0.411628 0.053140 0.072770
1 0.189036 0.449916 0.040157 0.061799
1 0.428397 0.378541 0.038858 0.059232
1 0.902407 0.390153 0.043793 0.062496
1 0.624122 0.376131 0.048298 0.089462
1 0.396415 0.323169 0.042964 0.054951
1 0.862550 0.379019 0.033452 0.055527
1 0.147065 0.375846 0.039085 0.064520
1 0.529878 0.654841 0.068481 0.106226
