1 0.929024 0.844976 0.119074 0.137064
1 0.396449 0.532600 0.079379 0.108351
1 0.185023 0.503980 0.064991 0.120778
1 0.624396 0.376725 0.049273 0.085821
1 0.838845 0.552886 0.056340 0.096795
1 0.234179 0.411778 0.053486 0.073802
1 0.839410 0.360373 0.052874 0.066648
1 0.185087 0.447288 0.046667 0.060910
1 0.428495 0.378357 0.037823 0.058947
1 0.978786 0.434667 0.042428 0.108602
1 0.635513 0.564094 0.079151 0.120130
1 0.910001 0.388029 0.048822 0.068231
1 0.127583 0.371753 0.040933 0.075235
1 0.395876 0.322743 0.043976 0.056142
1 0.567363 0.332037 0.054178 0.068765
1 0.476315 0.421541 0.062494 0.085869
1 0.529863 0.652378 0.070766 0.111220
