1 0.928646 0.846256 0.126112 0.145705
1 0.401840 0.524716 0.085683 0.117781
1 0.839133 0.553916 0.056501 0.098203
1 0.185627 0.513516 0.059823 0.098224
1 0.834604 0.362927 0.043151 0.068230
1 0.144595 0.375845 0.037811 0.060231
1 0.187321 0.447387 0.038625 0.061656
1 0.635089 0.566880 0.074843 0.118849
1 0.436018 0.376290 0.048852 0.061094
1 0.899222 0.387033 0.040532 0.055735
1 0.622939 0.376934 0.050670 0.088498
1 0.981158 0.431970 0.037685 0.091962
1 0.704803 0.434358 0.068554 0.094964
1 0.861486 0.374654 0.034867 0.054665
