1 0.929659 0.845644 0.119464 0.136626
1 0.394504 0.532518 0.078369 0.106507
1 0.185088 0.494979 0.065544 0.135241
1 0.624059 0.376779 0.050309 0.085363
1 0.978015 0.432907 0.043969 0.113768
1 0.235535 0.411181 0.052195 0.073145
1 0.840973 0.359763 0.055661 0.068168
1 0.837773 0.552058 0.057749 0.096675
1 0.635091 0.563479 0.079177 0.123698
1 0.910178 0.387857 0.048291 0.066510
1 0.124438 0.368622 0.044665 0.080517
1 0.186963 0.444329 0.050239 0.062029
1 0.428132 0.379242 0.039555 0.060250
1 0.472244 0.411817 0.052077 0.070096
