1 0.931260 0.846844 0.126166 0.136674
1 0.403325 0.525024 0.085478 0.116200
1 0.384258 0.324120 0.046262 0.057465
1 0.837987 0.358355 0.050053 0.060041
1 0.564234 0.314523 0.045884 0.059302
1 0.839654 0.554448 0.056677 0.097056
1 0.186853 0.510351 0.065759 0.105612
1 0.432956 0.374928 0.045145 0.059796
1 0.981322 0.436678 0.037356 0.104141
1 0.901223 0.389989 0.043932 0.063511
1 0.625093 0.370904 0.049767 0.083277
1 0.662026 0.573276 0.066435 0.091196
1 0.127638 0.363046 0.042506 0.078097
1 0.183405 0.437293 0.046245 0.062621
1 0.655957 0.566283 0.077101 0.110732
1 0.517413 0.663735 0.068582 0.108608
