1 0.931408 0.844589 0.123084 0.140471
1 0.398667 0.529091 0.083957 0.114389
1 0.185272 0.515620 0.061112 0.097413
1 0.834778 0.363776 0.045705 0.067205
1 0.839681 0.551440 0.054605 0.094001
1 0.144236 0.378183 0.038277 0.060466
1 0.187210 0.447255 0.038754 0.063187
1 0.635562 0.565846 0.077074 0.120645
1 0.622922 0.376249 0.049920 0.087554
1 0.980611 0.433384 0.038778 0.095777
1 0.435650 0.375731 0.048504 0.062134
1 0.898707 0.385909 0.039254 0.053460
1 0.942694 0.435537 0.051895 0.087173
1 0.230902 0.402066 0.047338 0.066780
