1 0.933074 0.839769 0.117525 0.133039
1 0.840135 0.550959 0.054390 0.096389
1 0.185710 0.516484 0.060101 0.096810
1 0.636246 0.565130 0.078430 0.120958
1 0.623171 0.375754 0.048588 0.086173
1 0.186377 0.447800 0.040992 0.062954
1 0.435382 0.376747 0.047759 0.060469
1 0.834531 0.360496 0.050048 0.062841
1 0.399041 0.533112 0.083487 0.113113
1 0.231265 0.402753 0.047292 0.062412
1 0.942192 0.434944 0.054096 0.089235
1 0.981070 0.434668 0.037861 0.093454
1 0.141848 0.376170 0.036631 0.055727
1 0.392466 0.323701 0.044185 0.057132
1 0.569570 0.317928 0.046827 0.055341
1 0.529586 0.655588 0.070912 0.111624
1 0.898026 0.387673 0.039497 0.058215
