1 0.927572 0.851470 0.127334 0.148814
1 0.410216 0.527193 0.095821 0.116854
1 0.185281 0.518663 0.062489 0.096250
1 0.187809 0.446411 0.040007 0.065203
1 0.979475 0.434282 0.041050 0.105734
1 0.838212 0.554296 0.057628 0.099485
1 0.635525 0.561404 0.079903 0.126344
1 0.833464 0.363497 0.045538 0.066992
1 0.624060 0.375344 0.050222 0.085945
1 0.133226 0.369115 0.044033 0.076483
1 0.899773 0.386782 0.042118 0.057352
1 0.472202 0.413505 0.050501 0.070219
1 0.396474 0.323775 0.044861 0.056941
1 0.427690 0.379336 0.040864 0.062092
1 0.942796 0.429520 0.044172 0.086810
