1 0.930213 0.850094 0.125917 0.137912
1 0.390044 0.532134 0.068174 0.100844
1 0.186081 0.508663 0.066544 0.113484
1 0.838412 0.360012 0.052552 0.060342
1 0.622834 0.369545 0.045654 0.075810
1 0.978267 0.432334 0.043467 0.101716
1 0.235880 0.408656 0.056312 0.082093
1 0.183731 0.435579 0.047693 0.062722
1 0.429030 0.378459 0.035485 0.058734
1 0.839519 0.554244 0.054016 0.094629
1 0.387174 0.323370 0.047673 0.055037
1 0.471548 0.411089 0.049960 0.071526
1 0.125731 0.372543 0.039728 0.072989
1 0.641750 0.546278 0.057921 0.107005
1 0.743317 0.312008 0.081136 0.080398
1 0.901316 0.391737 0.044886 0.060608
