1 0.931604 0.840876 0.121023 0.138034
1 0.186039 0.516311 0.059543 0.097618
1 0.840400 0.552098 0.055511 0.098003
1 0.622768 0.376564 0.049911 0.086468
1 0.398219 0.532149 0.085509 0.112369
1 0.635973 0.566971 0.078950 0.119056
1 0.187187 0.447766 0.038981 0.061879
1 0.834830 0.362905 0.045494 0.066025
1 0.143263 0.378300 0.037124 0.057927
1 0.435950 0.377562 0.049066 0.060570
1 0.980502 0.433392 0.038996 0.098697
1 0.898567 0.385755 0.040204 0.056918
1 0.943274 0.434313 0.051241 0.088265
1 0.231193 0.402417 0.048341 0.067646
1 0.570640 0.316494 0.047192 0.055820
1 0.394924 0.322962 0.042575 0.055585
