1 0.930451 0.843626 0.119352 0.139061
1 0.395685 0.534336 0.075303 0.104736
1 0.833056 0.362501 0.039923 0.063536
1 0.183752 0.508370 0.065634 0.110876
1 0.235477 0.410555 0.050409 0.070322
1 0.625801 0.373633 0.047914 0.087875
1 0.634612 0.555038 0.083296 0.136676
1 0.900133 0.390580 0.043056 0.056693
1 0.979603 0.432621 0.040794 0.098046
1 0.566996 0.344675 0.060923 0.090567
1 0.862131 0.379889 0.032229 0.057019
1 0.946353 0.426517 0.046205 0.080079
1 0.428272 0.378412 0.039374 0.058717
1 0.396466 0.323698 0.044043 0.054365
