1 0.835639 0.554429 0.059933 0.099223
1 0.406704 0.517424 0.069323 0.093439
1 0.903378 0.907323 0.159702 0.185354
1 0.483632 0.636567 0.081606 0.112591
1 0.631890 0.564672 0.078637 0.119749
1 0.622988 0.376848 0.045289 0.086754
1 0.202133 0.354514 0.098099 0.112217
1 0.396823 0.322355 0.043261 0.056721
1 0.832924 0.361634 0.045325 0.065761
1 0.938465 0.420941 0.041678 0.077930
1 0.976282 0.429930 0.047436 0.098373
1 0.558545 0.367887 0.040454 0.061509
1 0.575112 0.370400 0.049623 0.063465
1 0.665380 0.304255 0.039394 0.051093
1 0.894609 0.393632 0.041163 0.071134
1 0.896134 0.405026 0.043972 0.086283
