1 0.927718 0.841311 0.127806 0.129330
1 0.406152 0.524397 0.086987 0.119958
1 0.527713 0.651178 0.091563 0.131397
1 0.186250 0.515921 0.066596 0.100534
1 0.838960 0.359290 0.051346 0.063253
1 0.433549 0.373905 0.044758 0.061067
1 0.841238 0.554511 0.055325 0.098339
1 0.551592 0.361400 0.043502 0.060982
1 0.979122 0.436143 0.041757 0.102456
1 0.902024 0.391464 0.045110 0.065258
1 0.662367 0.580209 0.076725 0.092888
1 0.127440 0.365329 0.037729 0.066146
1 0.387271 0.324859 0.045876 0.056303
1 0.182338 0.436753 0.045514 0.058019
