1 0.405953 0.523768 0.088306 0.119807
1 0.926540 0.840515 0.127181 0.126936
1 0.840935 0.554660 0.055687 0.098027
1 0.838120 0.359598 0.050278 0.061987
1 0.186324 0.507586 0.067334 0.117675
1 0.433165 0.373368 0.044821 0.060975
1 0.979234 0.434751 0.041532 0.107211
1 0.902257 0.391315 0.045820 0.068187
1 0.523239 0.652820 0.089287 0.127060
1 0.386983 0.324588 0.045692 0.056608
1 0.125655 0.371436 0.038327 0.068089
1 0.593193 0.312385 0.043149 0.068045
1 0.663370 0.578748 0.075179 0.093958
1 0.550950 0.361216 0.040776 0.062541
