1 0.397721 0.533817 0.073323 0.101092
1 0.929263 0.847255 0.123256 0.144505
1 0.183345 0.507053 0.066396 0.116403
1 0.833468 0.363364 0.041946 0.067327
1 0.634621 0.558357 0.079794 0.132676
1 0.624214 0.374535 0.047432 0.082283
1 0.839073 0.554589 0.058874 0.103761
1 0.427767 0.378307 0.039319 0.058455
1 0.142115 0.375806 0.042842 0.072908
1 0.564875 0.336569 0.055515 0.077959
1 0.396359 0.323257 0.044118 0.057237
1 0.475274 0.418055 0.056059 0.079190
1 0.234202 0.408609 0.056017 0.073490
1 0.981664 0.434846 0.036672 0.107156
1 0.901010 0.400225 0.043313 0.075686
