1 0.896539 0.906993 0.175950 0.186014
1 0.406188 0.517546 0.069333 0.094129
1 0.828056 0.560099 0.067026 0.095288
1 0.484118 0.637025 0.078683 0.110928
1 0.622123 0.377191 0.046659 0.084933
1 0.631654 0.566353 0.079542 0.119435
1 0.676184 0.334363 0.053717 0.103090
1 0.832969 0.362873 0.046320 0.067784
1 0.974568 0.427838 0.050765 0.096102
1 0.397370 0.322261 0.043185 0.057287
1 0.566424 0.368278 0.046940 0.062598
1 0.578440 0.371798 0.047671 0.065104
1 0.936632 0.422898 0.039456 0.086599
1 0.201435 0.355550 0.103502 0.111854
1 0.558187 0.368249 0.038263 0.062493
