1 0.921659 0.846049 0.126563 0.143613
1 0.839495 0.551426 0.059723 0.096927
1 0.229630 0.409044 0.056003 0.071311
1 0.396738 0.529221 0.077650 0.113200
1 0.977051 0.428796 0.045814 0.099006
1 0.832776 0.359169 0.038703 0.066073
1 0.632656 0.568468 0.088086 0.122749
1 0.626578 0.374297 0.044707 0.080649
1 0.939427 0.422383 0.039457 0.081538
1 0.229219 0.394983 0.061715 0.097127
1 0.709227 0.438548 0.065661 0.076894
1 0.861533 0.380302 0.032357 0.053779
1 0.164458 0.436327 0.064032 0.108912
1 0.896287 0.395209 0.040075 0.073898
