1 0.904000 0.911777 0.161416 0.173689
1 0.833519 0.558022 0.063086 0.098873
1 0.634130 0.569363 0.085637 0.126249
1 0.402170 0.528167 0.078930 0.114784
1 0.621933 0.375405 0.044759 0.083378
1 0.832406 0.360785 0.045011 0.065262
1 0.975028 0.429366 0.049944 0.095693
1 0.666917 0.305818 0.038158 0.051922
1 0.508325 0.648927 0.073416 0.100087
1 0.938983 0.424314 0.043587 0.082732
1 0.150523 0.374230 0.035900 0.063777
1 0.555640 0.365222 0.040497 0.061416
1 0.717452 0.372957 0.051148 0.100294
1 0.897936 0.411237 0.045636 0.097557
