1 0.927107 0.845742 0.127724 0.143654
1 0.185641 0.494211 0.067276 0.139738
1 0.410085 0.526127 0.092846 0.118938
1 0.833595 0.362607 0.043196 0.062840
1 0.635363 0.561908 0.077730 0.125272
1 0.979638 0.434478 0.040724 0.103578
1 0.625542 0.374893 0.049650 0.085508
1 0.473824 0.416461 0.054913 0.078495
1 0.838154 0.553358 0.057886 0.100094
1 0.138659 0.375566 0.038981 0.065552
1 0.396570 0.323177 0.044736 0.057715
1 0.426574 0.379322 0.039823 0.056728
1 0.900285 0.387160 0.041814 0.056956
1 0.943988 0.429615 0.045093 0.086976
1 0.563723 0.339453 0.060280 0.091408
1 0.237148 0.409559 0.055666 0.078580
