1 0.929588 0.844577 0.119708 0.136190
1 0.393829 0.532520 0.076270 0.107382
1 0.185791 0.500178 0.064586 0.126757
1 0.978856 0.432572 0.042288 0.110099
1 0.624016 0.376699 0.049571 0.085270
1 0.234156 0.411104 0.054262 0.076256
1 0.838424 0.553024 0.057155 0.097133
1 0.841267 0.359621 0.056447 0.069177
1 0.635514 0.563971 0.078818 0.122448
1 0.185258 0.446559 0.047358 0.062931
1 0.393969 0.322270 0.045690 0.055709
1 0.910604 0.388597 0.048184 0.067164
1 0.428390 0.379048 0.038794 0.060614
1 0.531111 0.652296 0.069023 0.109181
1 0.475358 0.414265 0.059978 0.071797
1 0.566641 0.328549 0.053011 0.062924
