1 0.929517 0.846103 0.121087 0.137556
1 0.624043 0.376215 0.050397 0.083960
1 0.185712 0.503423 0.063564 0.118365
1 0.396134 0.532637 0.079469 0.105175
1 0.977643 0.431357 0.044715 0.110388
1 0.235647 0.411793 0.051313 0.074707
1 0.840850 0.360163 0.055605 0.068059
1 0.838313 0.552614 0.056999 0.095938
1 0.909353 0.387450 0.047969 0.065287
1 0.635544 0.563751 0.078386 0.122005
1 0.124300 0.369150 0.042163 0.077215
1 0.532069 0.648892 0.072018 0.110429
1 0.428880 0.378418 0.037791 0.060674
1 0.187223 0.442503 0.050208 0.063477
