1 0.928041 0.848739 0.124630 0.136920
1 0.186017 0.517711 0.065505 0.099540
1 0.390157 0.532196 0.065853 0.099615
1 0.838023 0.360062 0.052070 0.062067
1 0.622589 0.369278 0.046525 0.072552
1 0.978768 0.431677 0.042464 0.105226
1 0.394395 0.321202 0.045174 0.052945
1 0.469756 0.409287 0.047356 0.066065
1 0.643131 0.547216 0.058057 0.109355
1 0.182343 0.437198 0.048718 0.059907
1 0.901380 0.391917 0.046089 0.062779
1 0.616851 0.582431 0.054479 0.094765
1 0.426783 0.379890 0.040663 0.061900
1 0.839362 0.554802 0.054877 0.095857
1 0.492954 0.655538 0.075093 0.105924
