1 0.928573 0.847892 0.127899 0.147728
1 0.408037 0.527264 0.091713 0.117100
1 0.633571 0.554686 0.081066 0.134590
1 0.833437 0.362346 0.041774 0.064683
1 0.184554 0.495939 0.066058 0.136072
1 0.624844 0.373628 0.048520 0.081853
1 0.237208 0.408168 0.049042 0.067048
1 0.141497 0.376429 0.041285 0.069979
1 0.838218 0.554481 0.057950 0.103560
1 0.427470 0.378433 0.039900 0.058127
1 0.979797 0.432572 0.040406 0.100377
1 0.397057 0.322408 0.043899 0.056293
1 0.564624 0.339768 0.056830 0.084343
1 0.901121 0.388121 0.040719 0.054648
1 0.475189 0.417409 0.054734 0.079069
