1 0.929181 0.846114 0.120346 0.141874
1 0.413028 0.524614 0.085123 0.115187
1 0.186390 0.517834 0.062619 0.097664
1 0.636903 0.564209 0.078570 0.124518
1 0.187079 0.447186 0.039325 0.064075
1 0.981229 0.436552 0.037541 0.103153
1 0.839736 0.552664 0.055849 0.100564
1 0.623612 0.375261 0.051502 0.087948
1 0.835097 0.362668 0.043700 0.066140
1 0.898836 0.385792 0.038001 0.052736
1 0.438021 0.377801 0.052281 0.064076
1 0.398167 0.322866 0.042713 0.055989
1 0.569697 0.316047 0.044700 0.055742
1 0.136224 0.371271 0.039881 0.068396
