1 0.926661 0.847310 0.123310 0.139287
1 0.980709 0.437815 0.038582 0.102282
1 0.403090 0.523175 0.079675 0.116539
1 0.185795 0.512636 0.060324 0.097439
1 0.622546 0.378123 0.051202 0.086911
1 0.186226 0.446928 0.041211 0.063533
1 0.835078 0.363236 0.044691 0.070986
1 0.839102 0.552751 0.056063 0.095798
1 0.636684 0.566872 0.078146 0.121166
1 0.899156 0.388715 0.040395 0.057677
1 0.144214 0.375641 0.036934 0.053735
1 0.570872 0.312019 0.046233 0.063374
1 0.397569 0.323213 0.044312 0.057261
1 0.708090 0.430254 0.065718 0.101569
1 0.436897 0.375657 0.049527 0.060342
