1 0.929095 0.842911 0.122537 0.133064
1 0.396204 0.533748 0.078368 0.106452
1 0.185516 0.502930 0.063980 0.123256
1 0.980279 0.434700 0.039441 0.105529
1 0.234310 0.412856 0.053740 0.073906
1 0.840554 0.360275 0.055490 0.065122
1 0.624344 0.377719 0.047915 0.087966
1 0.186740 0.449813 0.044741 0.064255
1 0.636049 0.561276 0.080330 0.125778
1 0.907377 0.390808 0.045056 0.065021
1 0.429196 0.378321 0.038260 0.059372
1 0.131880 0.367516 0.042721 0.074515
1 0.395714 0.323153 0.043137 0.055542
1 0.838563 0.552810 0.056002 0.097364
1 0.529405 0.658005 0.069545 0.102792
