1 0.930663 0.848977 0.124419 0.142096
1 0.186241 0.516188 0.062093 0.098768
1 0.186688 0.447059 0.038686 0.061584
1 0.637130 0.561708 0.079784 0.129659
1 0.837747 0.554030 0.057873 0.101590
1 0.834472 0.363418 0.044292 0.065176
1 0.982242 0.434833 0.035516 0.099654
1 0.623627 0.375088 0.050968 0.086692
1 0.567593 0.311703 0.045812 0.056780
1 0.409811 0.526556 0.091401 0.118445
1 0.899080 0.384601 0.040430 0.055797
1 0.945303 0.428199 0.044625 0.082751
1 0.133814 0.373887 0.039643 0.070392
1 0.396779 0.322603 0.044200 0.054967
1 0.131215 0.363362 0.040575 0.080478
1 0.436220 0.379116 0.049356 0.064496
