1 0.927619 0.847545 0.129768 0.137939
1 0.407085 0.518022 0.067559 0.100563
1 0.187522 0.520210 0.067167 0.094293
1 0.643585 0.561343 0.077504 0.116252
1 0.901103 0.387289 0.043542 0.059547
1 0.838497 0.360568 0.051714 0.065491
1 0.838750 0.554864 0.056277 0.099903
1 0.568558 0.318031 0.045435 0.056028
1 0.433775 0.375423 0.044579 0.056158
1 0.624484 0.371657 0.049456 0.082920
1 0.516901 0.661163 0.072517 0.106627
1 0.979682 0.435269 0.040636 0.103728
1 0.385369 0.323731 0.045981 0.055859
1 0.127360 0.364090 0.043835 0.079494
1 0.940755 0.430362 0.048368 0.084483
