1 0.930515 0.841053 0.123170 0.125642
1 0.406121 0.523967 0.079884 0.113463
1 0.838951 0.358042 0.051317 0.060402
1 0.900967 0.384670 0.042852 0.057170
1 0.383520 0.323303 0.046903 0.057419
1 0.564807 0.313998 0.045690 0.058201
1 0.187067 0.520253 0.066251 0.090322
1 0.433382 0.374682 0.045420 0.060755
1 0.839510 0.554829 0.055862 0.095729
1 0.980086 0.438032 0.039829 0.105573
1 0.182267 0.444043 0.048143 0.062865
1 0.624763 0.371063 0.049430 0.079077
1 0.652512 0.564205 0.078818 0.120369
1 0.941739 0.430510 0.045266 0.086307
1 0.517896 0.665683 0.070519 0.100009
