1 0.928180 0.843997 0.127403 0.148543
1 0.622847 0.375380 0.048257 0.080735
1 0.184851 0.515490 0.063383 0.100825
1 0.397922 0.541044 0.082660 0.118516
1 0.566921 0.313379 0.047894 0.058178
1 0.183652 0.450348 0.042700 0.064517
1 0.833280 0.361557 0.043888 0.067968
1 0.132976 0.378029 0.040158 0.061799
1 0.981768 0.432507 0.036463 0.093631
1 0.839378 0.552568 0.055273 0.097785
1 0.633468 0.565914 0.073582 0.121014
1 0.130508 0.367867 0.041634 0.070907
1 0.433879 0.375828 0.042334 0.059058
1 0.390521 0.320960 0.042268 0.049781
