1 0.927669 0.846401 0.126593 0.142675
1 0.410793 0.525832 0.095530 0.117571
1 0.185678 0.517045 0.062639 0.096211
1 0.635568 0.561721 0.078620 0.126472
1 0.187722 0.446894 0.040577 0.064552
1 0.833673 0.362887 0.043814 0.064983
1 0.472769 0.413552 0.052179 0.069454
1 0.979080 0.434528 0.041840 0.105013
1 0.563384 0.347334 0.066943 0.098741
1 0.838201 0.553235 0.058322 0.099478
1 0.135006 0.371074 0.041226 0.074502
1 0.625932 0.373897 0.050862 0.087688
1 0.396574 0.323376 0.045042 0.057077
1 0.899642 0.387671 0.042429 0.058867
1 0.426884 0.379014 0.039970 0.058531
1 0.942937 0.429464 0.043534 0.086859
