1 0.929924 0.842227 0.118454 0.138162
1 0.394031 0.533340 0.073574 0.105080
1 0.186817 0.517898 0.060425 0.095007
1 0.832827 0.363145 0.038551 0.061285
1 0.635323 0.558242 0.080268 0.131899
1 0.979820 0.433982 0.040361 0.100300
1 0.900783 0.389696 0.042614 0.055720
1 0.232854 0.409705 0.054438 0.074365
1 0.188095 0.448602 0.036561 0.061814
1 0.624333 0.374102 0.047903 0.087772
1 0.862949 0.379901 0.031501 0.055854
1 0.825827 0.426510 0.054012 0.104525
1 0.945676 0.428026 0.045396 0.080003
1 0.428546 0.378488 0.039744 0.058338
1 0.396905 0.322247 0.043754 0.053064
1 0.151808 0.375325 0.036373 0.068055
1 0.529096 0.656280 0.066459 0.103377
